17.51817513
17.7238903
17.77147675
17.7606678
17.80791855
17.6870594
17.85882378
17.77312088
17.73006248
17.80167961
17.70957756
17.68294334
17.67063141
17.70620728
17.71546745
17.71841812
17.78140068
17.75683784
17.78577614
17.75484848
17.79435158
17.73430252
17.64666176
17.70864677
17.74877357
17.66314316
17.66786575
17.64911652
17.6936245
17.77964211
17.75075531
17.78895569
17.83941841
17.800951
17.8097229
17.75718689
17.77173042
17.71725082
17.74744797
17.64072037
17.67380333
17.72798538
17.76287842
17.78236961
17.63600349
17.80839539
17.83414078
17.75336456
17.75095177
17.68558121
17.77599525
17.66112709
17.71802902
17.70173073
17.76783371
17.73634338
17.84415054
17.71071625
17.77319908
17.74922562
17.78106499
17.79993629
17.75401878
17.7821312
17.83332253
17.80981255
17.81735802
17.74669075
17.69953537
17.62199974
17.61914825
17.63953781
17.66307068
17.64025879
17.5892601
17.56295967
17.64199638
17.678545
17.65419388
17.56720924
17.68645859
17.69576645
17.65558434
17.73042488
17.68833923
17.63324165
17.65668678
17.65532112
17.69654655
17.6686573
17.66182327
17.72478485
17.66588593
17.60094833
17.66418839
17.62246895
17.64543533
17.68623352
17.65634727
17.67952538
17.66968536
17.68011856
17.65311432
17.85638237
17.72164536
17.79074097
17.66988945
17.66599846
17.70305824
17.75649643
17.69447708
17.71853065
17.59711075
17.72594643
17.7011528
17.71311951
17.63555336
17.67174911
17.75691032
17.68540001
17.6889019
17.70263672
17.63333511
17.68798256
17.68470573
17.72232437
17.72724915
17.70412254
17.78120804
17.81764793
17.76422501
17.81555557
17.70378494
17.75599861
17.6939106
17.7005043
17.60063934
17.74211693
17.68881226
17.71769524
17.68305588
17.75401688
17.66179276
17.71534729
17.66348839
17.67169762
17.69077682
17.62075233
17.75171089
17.77020454
17.70610046
17.71453285
17.68859482
17.80600739
17.67823792
17.70484161
17.64397049
17.64805794
17.62650681
17.66005325
17.82598877
17.76679039
17.80472946
17.82513809
17.83418083
17.88002777
17.72011566
17.8105793
17.74180603
17.79740715
17.76009369
17.77618027
17.78648758
17.7233181
17.73009491
17.8046875
17.86149406
17.86694145
17.84157944
17.74896049
17.72972488
17.78268051
17.77544022
17.78432846
17.74996376
17.76893425
17.7992363
17.73879623
17.74555016
17.73401451
17.67976189
17.61852837
17.6547451
17.63990784
17.69527817
17.64423752
17.70062447
17.68901062
17.7241478
17.61388397
17.66022491
17.78033066
17.81411552
17.84304047
17.78689766
17.78334808
17.74887657
17.71020699
17.74049759
17.7025528
17.70176125
17.7150898
17.70034981
17.66677094
17.6519413
17.67849731
17.6963768
17.86184692
17.72957802
17.76854897
17.8604908
17.79767036
17.80099297
17.77532005
17.86099434
17.83411217
17.82102966
17.85289383
17.71408653
17.85611534
17.80719376
17.82349968
17.83538246
17.78109169
17.70059395
17.69605255
17.80869484
17.79065132
17.69338989
17.73056793
17.7111721
17.65348244
17.72454262
17.74334526
17.86696053
17.76188278
17.81846237
17.68070412
17.73624611
17.61477661
17.68021011
17.71047974
17.71272469
17.66425133
17.68253517
17.65153694
17.69510269
17.65110016
17.61655235
17.75272369
17.60247612
17.6800766
17.66569519
17.73320198
17.72134972
17.64564323
17.74259377
17.63406563
17.74052811
17.74754906
17.80189896
17.80926132
17.69677925
17.75257301
17.70563507
17.6896553
17.57885361
17.68582153
17.68292236
17.70457458
17.69130516
17.66869545
17.68706322
17.59811974
17.67381477
17.65682983
17.63380623
17.62888908
17.62168312
17.76076126
17.74170876
17.61340714
17.69703293
17.68484879
17.75880051
17.78296471
17.65620232
17.68490982
17.61800003
17.71463394
17.71985435
17.66698647
17.64608192
17.61776352
17.64199448
17.62680435
17.64214897
17.68120956
17.68080711
17.61167145
17.73657608
17.64664459
17.72688293
17.78167915
17.68030548
17.6431179
17.73124123
17.69519615
17.69801521
17.68495369
17.77786446
17.70078468
17.65656471
17.69135857
17.77728462
17.7358284
17.78381538
17.73957634
17.69170189
17.79235077
17.68903923
17.62215042
17.71933937
17.64689064
17.7609539
17.64758873
17.67994118
17.78831291
17.73796272
17.77444458
17.78110695
17.76994705
17.78086472
17.7567234
17.80722427
17.85652351
17.789608
17.70160294
17.68798447
17.61786079
17.64482307
17.59954453
17.66840363
17.69239616
17.67058563
17.61245728
17.6083107
17.6697197
17.68933678
17.68445587
17.74689674
17.65570641
17.66959381
17.79474258
17.75369453
17.64741325
17.68350601
17.64345169
17.58072281
17.64279556
17.6609745
17.62747192
17.60224533
17.58913422
17.63465118
17.61140442
17.54047012
17.54656029
17.64542961
17.66472816
17.67310715
17.76883698
17.63347626
17.68188095
17.63805199
17.73977852
17.77472115
17.77016068
17.71640587
17.76587486
17.677145
17.74271584
17.75852203
17.68097878
17.68565178
17.68015099
17.80935478
17.74143219
17.80652237
17.73631287
17.7604084
17.68372345
17.62876129
17.65084648
17.620924
17.69826508
17.67223167
17.64183044
17.83720398
17.72014427
17.75925255
17.71969223
17.62516785
17.63020706
17.54846573
17.7531414
17.72335052
17.6984005
17.64270973
17.68181419
17.63963699
17.66020393
17.65275574
17.71863556
17.68645668
17.62934494
17.66624069
17.6921978
17.71256828
17.73086929
17.70546341
17.68627357
17.5875206
17.66259193
17.69102287
17.68519211
17.64466286
17.62304306
17.5750351
17.58383751
17.64835358
17.59204865
17.60927391
17.7086277
17.71757317
17.72545052
17.69101524
17.70926094
17.69989777
17.76383781
17.74338341
17.70839119
17.64414406
17.67388535
17.58174324
17.6070652
17.5861454
17.53636551
17.5786438
17.59178925
17.55890656
17.57390404
17.55241394
17.63654327
17.68117332
17.58833504
17.6693058
17.62809944
17.68149376
17.69060516
17.79310989
17.79593658
17.76488304
17.69300842
17.76462364
17.68140411
17.60848999
17.63712692
17.66937828
17.65451813
17.71284676
17.7095356
17.72749519
17.61408424
17.63013268
17.67087173
17.64758492
17.64702797
17.75125313
17.72901535
17.67608261
17.66106224
17.70915604
17.77192116
17.82761002
17.72599983
17.65058136
17.73678589
17.68878365
17.70847702
17.76270485
17.70041656
17.73096275
17.78097916
17.7698555
17.67705917
17.70462799
17.75880241
17.88323021
17.68111038
17.74392891
17.76677132
17.78797913
17.7047081
17.74564552
17.74344444
17.70048714
17.6852932
17.67696571
17.74445534
17.68395424
17.68183708
17.67304993
17.68690872
17.70512772
17.77614975
17.73544502
17.74219131
17.71911621
17.76255226
17.66471291
17.7580471
17.67026329
17.62877464
17.68327522
17.66591454
17.72599983
17.63408661
17.6928196
17.70152664
17.76703453
17.82029724
17.70649147
17.74443245
17.77461815
17.85532188
17.78432274
17.75848389
17.76014519
17.81002235
17.79618454
17.79925537
17.75395584
17.76093292
17.82080269
17.78048325
17.80253601
17.74370766
17.81976509
17.7499752
17.71829605
17.6675396
17.67402077
17.68282318
17.78316689
17.7045536
17.68697739
17.71194839
17.7075119
17.6649704
17.56258202
17.62446213
17.72900009
17.65845108
17.76264572
17.7438221
17.72930908
17.7423687
17.74988174
17.61219788
17.74075317
17.72803497
17.73462105
17.69337273
17.70685577
17.63082123
17.66695976
17.61687469
17.64249611
17.66332245
17.6860218
17.59894562
17.64853859
17.68660736
17.66303825
17.66965103
17.61310577
17.64250946
17.71994209
17.66303635
17.68034363
17.77291298
17.6819191
17.70942307
17.67877007
17.66902542
17.61877441
17.66660309
17.61965752
17.74689293
17.65285492
17.67660904
17.65016937
17.71720314
17.65342331
17.69578552
17.62675476
17.7209549
17.68830872
17.64865875
17.68899727
17.69758987
17.68407249
17.70857811
17.66089249
17.66516495
17.59277534
17.66009521
17.60459709
17.69155121
17.72146225
17.77653885
17.69824791
17.66379929
17.68044662
17.77672768
17.74423027
17.75175476
17.74843025
17.72521591
17.68724442
17.62623215
17.64783287
17.70072746
17.75530243
17.73533249
17.71865082
17.74179268
17.70216942
17.68516731
17.74975395
17.68503952
17.65445709
17.69252014
17.69895172
17.58265686
17.59836769
17.60699654
17.58114624
17.62444496
17.67990875
17.63238335
17.68619728
17.78836632
17.69573784
17.68382454
17.72867393
17.74186516
17.69474983
17.66954231
17.74226952
17.73530579
17.72181702
17.75029564
17.74926376
17.698843
17.68787003
17.73472786
17.59034157
17.6926384
17.66672325
17.63959312
17.65341949
17.70684052
17.69064903
17.67705917
17.62014961
17.74512482
17.68655014
17.62134361
17.53967667
17.54709816
17.59435463
17.60379791
17.6064682
17.60852623
17.53849983
17.56264496
17.60540009
17.62987518
17.62046051
17.57054138
17.63384819
17.62177086
17.65100288
17.74382019
17.72158051
17.70202446
17.67558861
17.61961174
17.62996864
17.66712189
17.7363739
17.68557549
17.77141762
17.81171608
17.71805573
17.62419891
17.67603493
17.69051361
17.75465012
17.70882988
17.70501518
17.73625755
17.68632507
17.70200539
17.73350906
17.82979393
17.75203133
17.64130592
17.66402054
17.66267586
17.64023399
17.65091705
17.70495224
17.6555748
17.63610458
17.62861633
17.62818718
17.70817947
17.73464584
17.80134583
17.74195099
17.66862106
17.7877121
17.79171371
17.76872063
17.72317886
17.65456772
17.71109772
17.65086937
17.70759964
17.71419716
17.7040062
17.76994705
17.73189545
17.68903923
17.68169212
17.71837616
17.68385124
17.74014664
17.79229546
17.70840263
17.62458992
17.66055489
17.75873184
17.71349144
17.71848679
17.80930901
17.71152878
17.67957687
17.67246628
17.6467762
17.65753555
17.78464127
17.81679344
17.73486137
17.74290466
17.77079964
17.77625084
17.7325573
17.7550087
17.70801163
17.76522255
17.72065735
17.70465469
17.67685509
17.679739
17.77231407
17.84022903
17.74585724
17.76117134
17.64359474
17.64155388
17.72925568
17.68783569
17.70735168
17.74641228
17.62895775
17.59823418
17.62797737
17.59126663
17.63236046
17.5690155
17.62432098
17.66431427
17.66606712
17.6925621
17.6851368
17.68956375
17.59619713
17.6347599
17.65239716
17.62720299
17.72351265
17.70162773
17.67741394
17.67293739
17.69000053
17.66695595
17.7209568
17.73633957
17.70347404
17.73653221
17.6911335
17.69906807
17.68485069
17.57244492
17.67736816
17.65056801
17.64035416
17.56147194
17.66321754
17.62165833
17.77501297
17.80273819
17.69033623
17.76074791
17.69867325
17.68071365
17.70023346
17.73377037
17.74907112
17.65180397
17.6181736
17.57687378
17.68420601
17.632164
17.68075943
17.61663055
17.62553596
17.6920681
17.68458748
17.61979485
17.69817543
17.57340813
17.6432209
17.7884407
17.70339775
17.70039749
17.69335175
17.75271034
17.65841675
17.63356972
17.6598835
17.68369102
17.63887596
17.6167984
17.65169907
17.64435577
17.75732231
17.76457214
17.76575661
17.72490311
17.86906624
17.76706314
17.66046906
17.62934113
17.73742294
17.6330719
17.70525932
17.77378464
17.68795967
17.67451477
17.67536926
17.65286064
17.74583817
17.72285652
17.75483513
17.71999931
17.76197815
17.73749924
17.71125412
17.72825623
17.64410591
17.63285255
17.6189003
17.73397255
17.85412025
17.739645
17.75588608
17.7648983
17.69999886
17.7514534
17.73821831
17.67712784
17.66992188
17.64803505
17.65981293
17.67634201
17.61171722
17.64775848
17.6887722
17.65242577
17.7808876
17.57671928
17.7129879
17.66893387
17.73629189
17.74714279
17.74974632
17.60484505
17.63560677
17.66512108
17.6174469
17.69580841
17.64418793
17.70969772
17.75995445
17.79432869
17.7319603
17.76578903
17.60061455
17.682724
17.73058319
17.69108391
17.71848488
17.69557571
17.73351288
17.67766953
17.62751961
17.63657761
17.72916794
17.63807869
17.70947266
17.70408249
17.85869789
17.84464073
17.79456902
17.92134857
17.87206841
17.82965469
17.85536766
17.85235214
17.8115387
17.76950645
17.78815842
17.72840118
17.86718369
17.80226326
17.76287079
17.90179443
17.89190102
17.89733887
17.7941246
17.83984184
17.86249542
17.8315258
17.89478874
17.79779053
17.72960472
17.74759293
17.8269825
17.8054924
17.81350708
17.81236839
17.82860184
17.81353378
17.75387001
17.83856773
17.78918648
17.84583282
17.72293282
17.80047417
17.81332207
17.78829384
17.66133499
17.69856834
17.62896347
17.6731739
17.6621666
17.66344261
17.68228912
17.6832428
17.66003609
17.72581673
17.69551468
17.75452805
17.79512978
17.8052578
17.75341797
17.7166481
17.76794815
17.69353294
17.7758522
17.71005058
17.7224617
17.75579643
17.63023186
17.64559937
17.67622185
17.71476173
17.69310379
17.72240829
17.73947144
17.72045326
17.70382881
17.82191086
17.78739548
17.70050049
17.74723816
17.73640823
17.73764801
17.678442
17.71013451
17.65231514
17.66844177
17.71713448
17.70642281
17.71850204
17.74182701
17.69892883
17.68610764
17.67593193
17.67712593
17.66722488
17.67878723
17.64115715
17.64292526
17.67663956
17.64707184
17.70218277
17.70671463
17.61458397
17.61968803
17.62994766
17.64404488
17.59473228
17.64124107
17.64728165
17.75420952
17.73955727
17.79197884
17.61360741
17.78359985
17.78378105
17.66636848
17.68576813
17.70830154
17.70441246
17.75514603
17.82592583
17.82084656
17.85218048
17.76053238
17.75380325
17.70032692
17.70775414
17.76846123
17.80091476
17.71757126
17.65418625
17.64521027
17.72619247
17.85205269
17.8221302
17.8169136
17.765028
17.88687134
17.75796509
17.82017708
17.8164978
17.71229362
17.74470711
17.74512482
17.68712234
17.69247437
17.57362366
17.62634659
17.69132042
17.77290344
17.74425125
17.79286957
17.81842422
17.66872597
17.74501419
17.74216843
17.83319664
17.73539925
17.74214363
17.62100792
17.61819077
17.66260529
17.65591812
17.67993546
17.62722206
17.64709282
17.59122849
17.70031548
17.6252594
17.63267708
17.68776131
17.7188282
17.64059448
17.72654152
17.6572094
17.6840477
17.74349594
17.6864109
17.68183327
17.66347313
17.62351418
17.6842308
17.66862106
17.57000542
17.55653954
17.58299065
17.56206322
17.65253639
17.65030289
17.54517937
17.60478783
17.56653023
17.52891541
17.51399422
17.65559006
17.61823082
17.65184784
17.68914413
17.70162582
17.66438866
17.64604187
17.62111855
17.62623215
17.62104225
17.65903473
17.59433746
17.65517807
17.61466599
17.66483879
17.72956085
17.6169796
17.57866859
17.60601234
17.58834839
17.73908997
17.73059654
17.68851852
17.6318531
17.6233902
17.60596085
17.63175774
17.71828461
17.5779438
17.6675663
17.65995598
17.58098602
17.70901489
17.63909912
17.53962898
17.64603615
17.61403275
17.69462776
17.71636391
17.64496613
17.71560287
17.72986412
17.65816307
17.68083382
17.64994049
17.65959358
17.64756393
17.64094925
17.62314606
17.55298996
17.59759712
17.7885685
17.73489952
17.71023941
17.75781059
17.76355553
17.7404232
17.76426506
17.80321503
17.76336288
17.73234749
17.71107483
17.66258812
17.72922325
17.70994186
17.69749641
17.76004982
17.81999779
17.77944565
17.65192795
17.72189903
17.68234825
17.70171165
17.78029251
17.64728355
17.63829803
17.69384956
17.71805763
17.72169876
17.75726318
17.74011993
17.63485909
17.60712624
17.60877037
17.65463448
17.71487808
17.65141678
17.74155998
17.56776047
17.68215179
17.74448395
17.63923645
17.67751694
17.60596085
17.68564034
17.61918068
17.66898918
17.6099987
17.62962723
17.52498817
17.62245369
17.62089157
17.6793251
17.75086975
17.71931458
17.67006111
17.73649979
17.64510918
17.70549583
17.68485069
17.70920944
17.7509594
17.67559242
17.81471252
17.81343079
