2.441067695617676
2.4037647247314453
2.451392889022827
2.4337234497070313
2.4289445877075195
2.424469470977783
2.4222280979156494
2.4201223850250244
2.427949905395508
2.417630672454834
2.4179532527923584
2.372089147567749
2.3674468994140625
2.4394049644470215
2.4792826175689697
2.425546646118164
2.4157652854919434
2.36297869682312
2.452641725540161
2.447875738143921
2.455113649368286
2.4311299324035645
2.407318592071533
2.425729751586914
2.405128002166748
2.42732310295105
2.4611124992370605
2.4502105712890625
2.418628454208374
2.4509060382843018
2.4022507667541504
2.4277091026306152
2.413236141204834
2.4489083290100098
2.4293365478515625
2.452063798904419
2.459632396697998
2.46976900100708
2.3824191093444824
2.430914878845215
2.4520938396453857
2.4070632457733154
2.449450731277466
2.460102081298828
2.446263313293457
2.4236512184143066
2.419832468032837
2.4068779945373535
2.431363105773926
2.4077258110046387
2.437920093536377
2.453881025314331
2.4189040660858154
2.435858726501465
2.4319183826446533
2.4394302368164063
2.459622621536255
2.4278345108032227
2.470369577407837
2.408585786819458
2.42531681060791
2.4561879634857178
2.4477827548980713
2.4389889240264893
2.461430788040161
2.4461705684661865
2.444690465927124
2.4388256072998047
2.4332525730133057
2.4323716163635254
2.437120199203491
2.44882869720459
2.4517006874084473
2.4120805263519287
2.4423248767852783
2.407759189605713
2.445953369140625
2.444281816482544
2.4730663299560547
2.4586825370788574
2.433979034423828
2.4492104053497314
2.4413318634033203
2.4443485736846924
2.41154146194458
2.4230611324310303
2.4507949352264404
2.4297947883605957
2.4382569789886475
2.4749112129211426
2.454586982727051
2.408271312713623
2.4403393268585205
2.4310505390167236
2.412278652191162
2.4494881629943848
2.4909164905548096
2.43562388420105
2.463529586791992
2.4678516387939453
2.434695243835449
2.3743417263031006
2.408231019973755
2.4365556240081787
2.4235920906066895
2.421116352081299
2.405266761779785
2.425173044204712
2.451866865158081
2.416856527328491
2.4108073711395264
2.462496280670166
2.4954617023468018
2.4109039306640625
2.4358139038085938
2.379251718521118
2.426231622695923
2.408846616744995
2.433375120162964
2.4046034812927246
2.4107909202575684
2.418576717376709
2.4586780071258545
2.4681692123413086
2.405317544937134
2.423623561859131
2.417696475982666
2.4494495391845703
2.3970372676849365
2.330000400543213
2.4310638904571533
2.4733378887176514
2.429379463195801
2.427722930908203
2.3663346767425537
2.479628562927246
2.442269802093506
2.4270474910736084
2.414710760116577
2.423095941543579
2.459505081176758
2.427428722381592
2.4546878337860107
2.438977003097534
2.4024579524993896
2.4428913593292236
2.430962324142456
2.4359142780303955
2.456960916519165
2.410518169403076
2.4225103855133057
2.4719643592834473
2.344674825668335
2.2942235469818115
2.422553062438965
2.443842649459839
2.466857433319092
2.4493021965026855
2.4211082458496094
2.417645215988159
2.404304265975952
2.457456350326538
2.4454903602600098
2.4452600479125977
2.459197759628296
2.415182113647461
2.454949140548706
2.3990542888641357
2.432209014892578
2.384706497192383
2.4770753383636475
2.4608957767486572
2.43756103515625
2.442371368408203
2.419266700744629
2.501112937927246
2.486339807510376
2.4271740913391113
2.485996961593628
2.3882641792297363
2.451230049133301
2.447909355163574
2.5081586837768555
2.4506611824035645
2.4526915550231934
2.4887707233428955
2.398904323577881
2.4411780834198
2.4660654067993164
2.475785970687866
2.481954574584961
2.4475905895233154
2.4947750568389893
2.4551217555999756
2.434819221496582
2.444286346435547
2.514230489730835
2.4519197940826416
2.500403642654419
2.4953200817108154
2.4806363582611084
2.45341157913208
2.4876458644866943
2.431403636932373
2.424464464187622
2.4482829570770264
2.4124059677124023
2.460496187210083
2.4326705932617188
2.44309139251709
2.437657117843628
2.435957908630371
2.48856258392334
2.4457199573516846
2.455573320388794
2.4193389415740967
2.448276996612549
2.4219088554382324
2.4594826698303223
2.432222366333008
2.427457094192505
2.465014934539795
2.449312925338745
2.411301851272583
2.4790000915527344
2.418625831604004
2.4052317142486572
2.448646068572998
2.4626855850219727
2.4408676624298096
2.4264771938323975
2.4371018409729004
2.4572248458862305
2.4151906967163086
2.409977912902832
2.4452383518218994
2.484372138977051
2.409909248352051
2.401261568069458
2.446375846862793
2.4280319213867188
2.450448513031006
2.421143054962158
2.4653449058532715
2.4112915992736816
2.4436018466949463
2.4613595008850098
2.4298095703125
2.431096076965332
2.441114664077759
2.4275529384613037
2.4581072330474854
2.419095277786255
2.4552853107452393
2.475666046142578
2.438135862350464
2.410642623901367
2.4023826122283936
2.4428086280822754
2.4217278957366943
2.4434244632720947
2.3680918216705322
2.408449172973633
2.438011884689331
2.432745933532715
2.426469326019287
2.407155990600586
2.416295051574707
2.431304931640625
2.500535249710083
2.4128527641296387
2.389968156814575
2.3949553966522217
2.3823182582855225
2.388523578643799
2.376492738723755
2.3569889068603516
2.43279767036438
2.464545965194702
2.451256275177002
2.416517972946167
2.4370274543762207
2.474231243133545
2.4009571075439453
2.396710157394409
2.449171304702759
2.418651580810547
2.4621529579162598
2.416447877883911
2.428410291671753
2.406752347946167
2.467959403991699
2.438479423522949
2.4066693782806396
2.446467638015747
2.4202263355255127
2.466780424118042
2.439639091491699
2.429931402206421
2.4525225162506104
2.4543240070343018
2.4385156631469727
2.4318790435791016
2.386732339859009
2.4345531463623047
2.3936007022857666
2.4601826667785645
2.437926769256592
2.4474499225616455
2.372201442718506
2.403083324432373
2.426290512084961
2.4738783836364746
2.474952220916748
2.4388928413391113
2.45007586479187
2.4493350982666016
2.450145959854126
2.472399950027466
2.428473949432373
2.3996171951293945
2.468950033187866
2.427497148513794
2.445852279663086
2.446833372116089
2.4334239959716797
2.4723117351531982
2.47021484375
2.450193405151367
2.430467128753662
2.4079768657684326
2.4593281745910645
2.4296317100524902
2.434475898742676
2.4706029891967773
2.441512107849121
2.440601110458374
2.4194324016571045
2.494828462600708
2.4506547451019287
2.406428575515747
2.4318530559539795
2.438779830932617
2.4221785068511963
2.451991081237793
2.428358316421509
2.4573848247528076
2.453895330429077
2.436819314956665
2.4288299083709717
2.441046953201294
2.4103691577911377
2.430436134338379
2.44568133354187
2.457019329071045
2.4557101726531982
2.4424707889556885
2.4130196571350098
2.442366600036621
2.399181604385376
2.463534355163574
2.4664859771728516
2.4093589782714844
2.411576509475708
2.4158005714416504
2.436645984649658
2.413613796234131
2.4120242595672607
2.4598989486694336
2.405902624130249
2.4122087955474854
2.4441449642181396
2.423421621322632
2.407215118408203
2.413892984390259
2.410358428955078
2.4712793827056885
2.3886356353759766
2.411604642868042
2.419149875640869
2.4315452575683594
2.446104049682617
2.4052398204803467
2.4459033012390137
2.4558258056640625
2.4538447856903076
2.4455370903015137
2.4318015575408936
2.463441848754883
2.4229321479797363
2.4999659061431885
2.4668779373168945
2.458968162536621
2.4510974884033203
2.4328927993774414
2.440847396850586
2.4451920986175537
2.4426345825195313
2.454932451248169
2.382674217224121
2.4673171043395996
2.3713862895965576
2.4157345294952393
2.438554525375366
2.4658901691436768
2.378417730331421
2.4375898838043213
2.448162317276001
2.4256272315979004
2.4473917484283447
2.430121660232544
2.444545030593872
2.437462568283081
2.4308085441589355
2.4813144207000732
2.4630305767059326
2.4255118370056152
2.4060111045837402
2.4412198066711426
2.450514554977417
2.4674220085144043
2.47209095954895
2.4362549781799316
2.44934344291687
2.426802158355713
2.411716938018799
2.4398460388183594
2.4008874893188477
2.40594482421875
2.4291558265686035
2.4142208099365234
2.4193618297576904
2.4668519496917725
2.422003984451294
2.415590286254883
2.3954241275787354
2.4812848567962646
2.405642032623291
2.4444518089294434
2.435756206512451
2.431551456451416
2.46921443939209
2.451767921447754
2.454130172729492
2.414100170135498
2.4333746433258057
2.3426859378814697
2.408571481704712
2.4573259353637695
2.4391143321990967
2.426293134689331
2.39412784576416
2.4246208667755127
2.437725067138672
2.4643454551696777
2.451004981994629
2.439300060272217
2.3761086463928223
2.449341297149658
2.4644830226898193
2.441887140274048
2.4681148529052734
2.4519715309143066
2.430293560028076
2.442629337310791
2.4533259868621826
2.421755075454712
2.4397389888763428
2.4315693378448486
2.4516332149505615
2.4659337997436523
2.426511526107788
2.459934949874878
2.4360711574554443
2.4630210399627686
2.4264979362487793
2.4501969814300537
2.458176612854004
2.4718573093414307
2.437995433807373
2.4687719345092773
2.4496021270751953
2.4002044200897217
2.4495465755462646
2.453467607498169
2.4498679637908936
2.439115285873413
2.470067262649536
2.4370956420898438
2.4326565265655518
2.4086754322052
2.426873207092285
2.41428279876709
2.463740825653076
2.421701192855835
2.460564136505127
2.443565845489502
2.4604647159576416
2.443899393081665
2.419884204864502
2.4143288135528564
2.44681978225708
2.4370341300964355
2.409529685974121
2.4634435176849365
2.4246737957000732
2.4338581562042236
2.4323647022247314
2.434145927429199
2.4443423748016357
2.405393362045288
2.4559314250946045
2.452096939086914
2.4625418186187744
2.431938409805298
2.467823028564453
2.472788095474243
2.4958701133728027
2.436006784439087
2.4327328205108643
2.4317455291748047
2.453824281692505
2.4675402641296387
2.4496140480041504
2.4141879081726074
2.4817755222320557
2.4400713443756104
2.416584014892578
2.450995445251465
2.40083646774292
2.459636688232422
2.37437105178833
2.3617396354675293
2.4517979621887207
2.4418625831604004
2.4347152709960938
2.440030336380005
2.428989887237549
2.4547760486602783
2.4597275257110596
2.4615633487701416
2.401412010192871
2.4330945014953613
2.415898561477661
2.4495320320129395
2.407036304473877
2.436298131942749
2.4636523723602295
2.3798329830169678
2.4315426349639893
2.457900285720825
2.3971967697143555
2.4613289833068848
2.4335033893585205
2.4351677894592285
2.389580726623535
2.4218037128448486
2.4380931854248047
2.4418909549713135
2.416591167449951
2.4541308879852295
2.3958306312561035
2.451209783554077
2.482962131500244
2.440984010696411
2.397052526473999
2.410088300704956
2.425313711166382
2.4546332359313965
2.409085988998413
2.426287889480591
2.4119460582733154
2.4544568061828613
2.460344076156616
2.455265522003174
2.4322397708892822
2.4301059246063232
2.436829090118408
2.4283175468444824
2.4687647819519043
2.4445862770080566
2.372575521469116
2.4312567710876465
2.4566454887390137
2.442426919937134
2.464554786682129
2.4498586654663086
2.4280130863189697
2.454075574874878
2.4586689472198486
2.4356632232666016
2.4566712379455566
2.4508700370788574
2.4495904445648193
2.4682557582855225
2.459768295288086
2.440042495727539
2.4781434535980225
2.4691622257232666
2.395352602005005
2.428770065307617
2.3748905658721924
2.445709466934204
2.4333720207214355
2.464174270629883
2.4253525733947754
2.4330008029937744
2.4883525371551514
2.4617016315460205
2.435321807861328
2.451136827468872
2.440971851348877
2.476689338684082
2.502253293991089
2.477865219116211
2.409393787384033
2.4555180072784424
2.4788503646850586
2.422088146209717
2.4528627395629883
2.4494857788085938
2.4636447429656982
2.4651710987091064
2.4392812252044678
2.4256248474121094
2.4687070846557617
2.4655511379241943
2.4579360485076904
2.4513819217681885
2.462216854095459
2.4664056301116943
2.512005567550659
2.4681084156036377
2.4421138763427734
2.47017502784729
2.433544158935547
2.4396893978118896
2.4466707706451416
2.4499800205230713
2.44885516166687
2.4568533897399902
2.4773964881896973
2.4694266319274902
2.4264578819274902
2.4617583751678467
2.4313554763793945
2.4711380004882813
2.432711124420166
2.393813133239746
2.440805435180664
2.418931007385254
2.421856641769409
2.4440219402313232
2.462740182876587
2.4427576065063477
2.4263691902160645
2.440796375274658
2.4495718479156494
2.436354637145996
2.451948404312134
2.4284579753875732
2.468104600906372
2.466202974319458
2.469168186187744
2.4055216312408447
2.4488441944122314
2.4298930168151855
2.4555139541625977
2.3964931964874268
2.4490807056427
2.4505727291107178
2.4244449138641357
2.427898406982422
2.441444158554077
2.464728355407715
2.4936344623565674
2.487995147705078
2.4231181144714355
2.4407923221588135
2.4527671337127686
2.4177629947662354
2.485671043395996
2.469324827194214
2.4699835777282715
2.432555675506592
2.488541603088379
2.484492301940918
2.4300427436828613
2.455899238586426
2.4246788024902344
2.421339988708496
2.438769817352295
2.4737491607666016
2.4410781860351563
2.460237741470337
2.466722011566162
2.4907262325286865
2.436981201171875
2.4236862659454346
2.4556233882904053
2.4717202186584473
2.488251209259033
2.4504008293151855
2.441514015197754
2.435405969619751
2.4460525512695313
2.453019857406616
2.4785900115966797
2.470573902130127
2.421830654144287
2.469350576400757
2.4653351306915283
2.4477505683898926
2.4355013370513916
2.4187684059143066
2.4482600688934326
2.4370477199554443
2.448664665222168
2.4320576190948486
2.4943132400512695
2.487792491912842
2.505652904510498
2.4624016284942627
2.439206838607788
2.482067823410034
2.434131145477295
2.4890387058258057
2.463240146636963
2.4288346767425537
2.4604828357696533
2.453669548034668
2.4792673587799072
2.4694175720214844
2.444617986679077
2.4347121715545654
2.4007139205932617
2.4308621883392334
2.4432833194732666
2.408946990966797
2.4490084648132324
2.4739556312561035
2.459019184112549
2.4326419830322266
2.444366931915283
2.4293768405914307
2.47540020942688
2.3856024742126465
2.45524001121521
2.43292236328125
2.4672274589538574
2.4283430576324463
2.3961150646209717
2.4179704189300537
2.4326603412628174
2.481523275375366
2.3383660316467285
2.4090323448181152
2.4108357429504395
2.4611117839813232
2.4090960025787354
2.4561517238616943
2.4128119945526123
2.489405870437622
2.4214742183685303
2.4162163734436035
2.4387118816375732
2.446881055831909
2.4436864852905273
2.4096453189849854
2.441859006881714
2.461404800415039
2.4245240688323975
2.497258424758911
2.4517602920532227
2.4720492362976074
2.4259965419769287
2.4582126140594482
2.445704698562622
2.434647560119629
2.4555747509002686
2.426528215408325
2.457984447479248
2.4417502880096436
2.43243408203125
2.4184982776641846
2.4400079250335693
2.4425337314605713
2.4176416397094727
2.4380970001220703
2.4375553131103516
2.4408912658691406
2.4345855712890625
2.4344122409820557
2.487370252609253
2.412531614303589
2.425029993057251
2.447366237640381
2.461298942565918
2.3972561359405518
2.407632827758789
2.3860230445861816
2.415445566177368
2.447216510772705
2.411356210708618
2.4351449012756348
2.447953939437866
2.4458792209625244
2.4703357219696045
2.467655658721924
2.446890354156494
2.4482500553131104
2.4594295024871826
2.4444944858551025
2.418043375015259
2.462073802947998
2.411022901535034
2.438042640686035
2.445955514907837
2.473613977432251
2.422725200653076
2.418499708175659
2.4475409984588623
2.4901719093322754
2.3899099826812744
2.4646637439727783
2.4478955268859863
2.4668047428131104
2.434908866882324
2.4340639114379883
2.4519104957580566
2.4074342250823975
2.438288927078247
2.4446935653686523
2.4395666122436523
2.446586847305298
2.3690364360809326
2.327678680419922
2.3933074474334717
2.3214378356933594
2.331303596496582
2.335707187652588
2.368549108505249
2.3334364891052246
2.36494517326355
2.335709810256958
2.370617151260376
2.3220138549804688
2.3357224464416504
2.323198080062866
2.3756890296936035
2.3423285484313965
2.335224151611328
2.469197988510132
2.414851427078247
2.4454100131988525
2.4207451343536377
2.362962484359741
2.4711990356445313
2.4624032974243164
2.4450252056121826
2.421701431274414
2.451530694961548
2.4500741958618164
2.4089407920837402
2.443230390548706
2.4372172355651855
2.436662435531616
2.447474241256714
2.4923367500305176
2.436347484588623
2.4627649784088135
2.4572415351867676
2.4698543548583984
2.4494009017944336
2.442201614379883
2.430703639984131
2.4420719146728516
2.4673194885253906
2.436877489089966
2.455601453781128
2.4925365447998047
2.4715046882629395
2.431562662124634
2.4531636238098145
2.4407923221588135
2.409951686859131
2.4404783248901367
2.4594388008117676
2.4335286617279053
2.4550623893737793
2.4478931427001953
2.435591697692871
2.4532082080841064
2.4079220294952393
2.4380764961242676
2.4463682174682617
2.424852132797241
2.4194552898406982
2.4808595180511475
2.456571340560913
2.4433608055114746
2.4312007427215576
2.432893991470337
2.465064287185669
2.4412927627563477
2.4410171508789063
2.4526493549346924
2.456372022628784
2.461179494857788
2.3954837322235107
2.4082655906677246
2.471954345703125
2.436800718307495
2.4747776985168457
2.464167594909668
2.4531474113464355
2.4523777961730957
2.4435274600982666
2.4397025108337402
2.4286065101623535
2.421185255050659
2.451446771621704
2.3857479095458984
2.398937225341797
2.448375701904297
2.450934886932373
2.445716381072998
2.438756227493286
2.4450364112854004
2.4055593013763428
2.4475595951080322
2.438659906387329
2.4223551750183105
2.4881553649902344
2.469896078109741
2.441413402557373
2.4371399879455566
2.439635753631592
2.4723644256591797
2.4507267475128174
2.4165945053100586
2.4466724395751953
2.434781312942505
2.4626660346984863
2.4270081520080566
2.4350855350494385
2.4478306770324707
2.430149793624878
2.447979688644409
2.5136702060699463
2.396690607070923
2.417807102203369
2.44746470451355
2.4278371334075928
2.390845775604248
2.4570915699005127
2.4155967235565186
2.4431488513946533
2.411545991897583
2.430759906768799
2.421517848968506
2.427692413330078
2.4468741416931152
2.4547274112701416
2.4455201625823975
2.4543354511260986
2.4660441875457764
2.475804328918457
2.4532251358032227
2.446495771408081
2.4550960063934326
2.419837713241577
2.4466800689697266
2.4177944660186768
2.4587113857269287
2.4603500366210938
2.373652219772339
2.47330379486084
2.5095643997192383
2.413931131362915
2.389953374862671
2.453568696975708
2.398078203201294
2.3908863067626953
2.460324764251709
2.4542977809906006
2.457890748977661
2.4331417083740234
2.4432373046875
2.49579119682312
2.43625545501709
2.4885334968566895
2.4758427143096924
2.467388153076172
2.4520208835601807
2.441551446914673
2.4580249786376953
2.4631824493408203
2.4243905544281006
2.4256155490875244
2.4381508827209473
2.4317171573638916
2.4359261989593506
2.4336893558502197
2.4286248683929443
2.4487428665161133
2.434469699859619
2.4287078380584717
2.4652860164642334
2.4712438583374023
2.4423437118530273
2.4259822368621826
2.464430332183838
2.4698970317840576
2.4441983699798584
2.5185229778289795
2.4312891960144043
2.463078498840332
2.4355251789093018
2.433173894882202
2.4300570487976074
2.4517858028411865
2.460739850997925
2.431769371032715
2.436202049255371
2.4636590480804443
2.4748175144195557
2.4522831439971924
2.457918882369995
2.450606346130371
2.4529788494110107
2.446073293685913
2.438349962234497
2.489776849746704
2.447232246398926
2.5016586780548096
2.481031656265259
2.4355289936065674
2.4366376399993896
2.471020221710205
2.419443368911743
2.4211583137512207
2.4844160079956055
2.4243969917297363
2.444528818130493
2.4395980834960938
2.4806406497955322
2.36177921295166
2.395279884338379
2.4323570728302
2.4432601928710938
2.4940946102142334
2.419572591781616
2.4313814640045166
2.473520517349243
2.450197458267212
2.4365029335021973
2.439779758453369
2.393759250640869
2.467491388320923
2.4590187072753906
2.4430248737335205
2.4454684257507324
2.419255495071411
2.443288803100586
2.405850648880005
2.4178073406219482
2.488748550415039
2.4300479888916016
2.4285390377044678
2.400237798690796
2.4199442863464355
2.4334213733673096
2.4260497093200684
2.427053451538086
2.4995064735412598
2.45774245262146
2.426647424697876
2.4063127040863037
2.4574506282806396
2.4647505283355713
2.4347174167633057
2.421379327774048
2.4708330631256104
2.4387645721435547
2.437180995941162
2.427593946456909
2.4434075355529785
2.4694104194641113
2.4832398891448975
2.458970546722412
2.4674665927886963
2.45284366607666
2.432828903198242
2.4935762882232666
2.458709239959717
2.439337730407715
2.451446056365967
2.4520859718322754
2.414484977722168
2.475278377532959
2.4227142333984375
2.45732045173645
2.463402032852173
2.4219114780426025
2.439074754714966
2.485553503036499
2.454710006713867
2.4947261810302734
2.4414737224578857
2.449875593185425
2.4357197284698486
2.419851541519165
2.428832769393921
2.428201913833618
2.4351603984832764
2.4379966259002686
2.4790775775909424
2.4997880458831787
2.483248710632324
2.435047149658203
2.4596164226531982
2.484079122543335
2.4734787940979004
2.460649251937866
2.4574499130249023
2.4922983646392822
2.4512250423431396
2.4521796703338623
2.446052312850952
2.430913209915161
2.464962959289551
2.4563353061676025
2.434483528137207
2.4883265495300293
2.4809727668762207
2.4571022987365723
2.4588136672973633
2.4610648155212402
2.4439990520477295
2.434587001800537
2.449364185333252
2.4564127922058105
2.480813980102539
2.4130539894104004
2.4730429649353027
2.4322991371154785
2.4011425971984863
2.4323105812072754
2.4522533416748047
2.471008539199829
2.4141695499420166
2.47872257232666
2.4578850269317627
2.446197032928467
2.4386355876922607
2.4479260444641113
2.519343614578247
2.4672629833221436
2.44034481048584
2.49060320854187
2.4570600986480713
2.4295244216918945
2.4447391033172607
2.4490270614624023
2.4707345962524414
2.4256248474121094
2.4508485794067383
2.4499597549438477
2.436840295791626
2.414365530014038
2.430441379547119
2.40016770362854
2.443157434463501
2.458395004272461
2.45790433883667
2.4460136890411377
2.451988935470581
2.4747753143310547
2.415123224258423
2.4457571506500244
2.4350075721740723
2.4599006175994873
2.4020869731903076
2.4718594551086426
2.4685826301574707
2.440361499786377
2.4365170001983643
2.4806289672851563
2.4394662380218506
2.432727098464966
2.4516608715057373
2.448518991470337
2.489178419113159
2.426746368408203
2.4308433532714844
2.450601577758789
2.4357821941375732
2.465162992477417
2.443516969680786
2.4406683444976807
2.461811065673828
2.421516180038452
2.4701690673828125
2.481673240661621
2.409865140914917
2.4224421977996826
2.4528307914733887
2.4451446533203125
2.459221124649048
2.4488158226013184
2.4862046241760254
2.4376096725463867
2.4425313472747803
2.4192326068878174
2.3879446983337402
2.436981201171875
2.456613063812256
2.4724459648132324
2.442432403564453
2.454561471939087
2.4699721336364746
2.456942081451416
2.423123598098755
2.4806630611419678
2.4625320434570313
2.4310262203216553
2.4615893363952637
2.4461605548858643
2.456305980682373
2.46650767326355
2.504061460494995
2.4665286540985107
2.4589245319366455
2.4706733226776123
2.4199862480163574
2.464529514312744
2.4538092613220215
2.456077814102173
2.4459283351898193
2.4325811862945557
2.482591390609741
2.458997964859009
2.4382100105285645
2.460522174835205
2.4593803882598877
2.46566104888916
2.453599691390991
2.452646255493164
2.4446232318878174
