17.760440826416016
17.969053268432617
18.010147094726563
18.09790802001953
18.068809509277344
18.11937713623047
18.127092361450195
18.11567497253418
18.147008895874023
18.06887435913086
18.06097984313965
17.974323272705078
17.9642333984375
17.994020462036133
17.92825698852539
17.977262496948242
17.920209884643555
17.94095230102539
17.930179595947266
17.972797393798828
18.086612701416016
18.01145362854004
18.086950302124023
18.01732063293457
18.065736770629883
18.04645538330078
18.08563232421875
18.015689849853516
17.97111701965332
18.038925170898438
18.02623176574707
18.121618270874023
18.104291915893555
18.028844833374023
18.107877731323242
18.054616928100586
18.116039276123047
18.064348220825195
18.083059310913086
18.06894302368164
18.130861282348633
18.122276306152344
18.054481506347656
18.16377067565918
18.12931251525879
18.09294891357422
18.03467559814453
18.110488891601563
18.04159927368164
18.034942626953125
18.150684356689453
18.113649368286133
18.01423454284668
18.069351196289063
18.036495208740234
18.095075607299805
18.06026268005371
18.152210235595703
18.124671936035156
18.158437728881836
18.129220962524414
18.207111358642578
18.06222152709961
18.034568786621094
18.025453567504883
17.945070266723633
18.057506561279297
18.14854621887207
18.13404655456543
18.04206657409668
18.023277282714844
18.041458129882813
17.902786254882813
17.8810977935791
17.94457244873047
17.959747314453125
18.046546936035156
17.9653263092041
18.055917739868164
18.04168701171875
18.066884994506836
18.04193687438965
17.98360824584961
18.064489364624023
17.97062110900879
18.076236724853516
18.072542190551758
17.994003295898438
17.96412467956543
17.94002914428711
17.917770385742188
17.97736167907715
17.99420928955078
17.962873458862305
17.95855712890625
17.981945037841797
17.92815589904785
17.925559997558594
17.9488582611084
17.97475242614746
17.954565048217773
17.93743133544922
17.96522331237793
18.053796768188477
18.017833709716797
18.089414596557617
18.030752182006836
18.07354164123535
18.007078170776367
18.04665184020996
17.9719181060791
18.08440399169922
18.059232711791992
18.108043670654297
18.019336700439453
18.02001953125
18.027629852294922
18.02674102783203
18.02811050415039
18.00217056274414
17.98929214477539
17.952531814575195
17.910999298095703
17.864931106567383
17.985857009887695
17.896154403686523
18.038240432739258
17.869455337524414
17.924036026000977
17.876720428466797
17.9459285736084
17.937807083129883
17.912538528442383
17.991085052490234
18.02665901184082
17.967342376708984
17.934288024902344
18.020170211791992
18.035449981689453
18.020402908325195
18.065906524658203
18.03740119934082
18.08345603942871
18.075031280517578
18.06077003479004
18.09069061279297
18.03765296936035
18.05046272277832
18.101137161254883
18.16259002685547
18.171533584594727
18.09637451171875
18.139162063598633
18.10405731201172
18.08431625366211
18.16855239868164
18.130891799926758
18.089763641357422
18.137760162353516
18.17885398864746
18.093883514404297
18.136585235595703
18.08124351501465
18.10093879699707
18.023941040039063
18.06659507751465
17.991180419921875
18.003734588623047
17.913480758666992
17.84637451171875
17.900026321411133
17.97028923034668
17.91282081604004
17.843360900878906
17.991214752197266
17.973779678344727
18.02219009399414
17.89016342163086
17.874221801757813
17.900697708129883
18.008731842041016
17.907085418701172
17.939579010009766
17.91722869873047
17.95030403137207
17.931644439697266
17.937002182006836
17.936927795410156
18.004865646362305
17.955472946166992
17.966690063476563
17.90773582458496
17.981800079345703
18.00124740600586
18.09932518005371
17.92876625061035
18.067604064941406
18.034961700439453
18.058565139770508
18.059707641601563
18.07996940612793
18.049560546875
18.07228660583496
18.043371200561523
18.027099609375
18.057737350463867
17.939146041870117
17.93065071105957
18.064002990722656
18.051380157470703
18.0516300201416
18.121004104614258
18.140666961669922
18.108793258666992
18.074724197387695
18.123687744140625
18.15701675415039
18.077917098999023
17.982738494873047
18.01487159729004
18.10146713256836
18.121990203857422
18.027454376220703
17.997241973876953
18.06848907470703
18.019697189331055
18.14590835571289
17.983545303344727
18.000349044799805
18.012088775634766
18.084423065185547
17.932397842407227
17.85063934326172
17.92913818359375
17.979164123535156
17.93617057800293
17.923730850219727
17.971376419067383
18.067285537719727
17.925954818725586
17.892852783203125
17.901979446411133
17.881135940551758
17.93922233581543
18.01155662536621
17.978979110717773
17.94037628173828
17.90508270263672
17.92496681213379
17.953495025634766
17.909704208374023
17.88179588317871
17.91689109802246
17.942195892333984
17.926742553710938
17.9186954498291
17.90407371520996
17.973140716552734
18.059598922729492
17.99276351928711
17.992151260375977
17.97279167175293
18.1148681640625
18.02768325805664
18.019174575805664
18.025102615356445
18.212032318115234
18.17140769958496
18.088043212890625
18.11302947998047
18.170251846313477
18.11463737487793
18.087329864501953
18.046192169189453
18.074480056762695
18.078462600708008
18.03826332092285
18.03074836730957
18.003114700317383
17.93338966369629
17.93790054321289
17.94866371154785
17.877769470214844
17.972463607788086
17.975099563598633
17.943506240844727
17.96178436279297
18.039653778076172
18.006174087524414
18.02387046813965
17.981922149658203
18.057491302490234
18.082406997680664
18.146364212036133
18.12303352355957
18.136825561523438
18.13939666748047
18.091238021850586
18.040897369384766
18.10913848876953
18.12905502319336
18.020450592041016
17.908641815185547
18.036258697509766
18.00153160095215
17.99673843383789
18.002365112304688
18.133548736572266
17.9505672454834
17.995323181152344
17.913469314575195
17.997495651245117
17.954885482788086
17.972148895263672
18.071569442749023
18.103355407714844
18.08979606628418
17.966909408569336
18.11849021911621
18.182405471801758
18.102554321289063
18.140195846557617
18.10183334350586
18.102718353271484
18.058639526367188
18.044660568237305
18.074127197265625
18.02880859375
18.04307746887207
18.142738342285156
18.00019645690918
18.074594497680664
18.009902954101563
18.00510025024414
18.155488967895508
18.144201278686523
18.053312301635742
18.052143096923828
18.039840698242188
17.97707748413086
17.962562561035156
18.031091690063477
18.02436065673828
17.956750869750977
17.967607498168945
18.016769409179688
18.02493667602539
17.999238967895508
17.98314094543457
18.055803298950195
17.98430061340332
17.983497619628906
18.065147399902344
18.017013549804688
18.004562377929688
18.04671859741211
18.0400447845459
18.085208892822266
18.039308547973633
17.982492446899414
17.9897403717041
18.013532638549805
18.0543212890625
17.97879409790039
18.072534561157227
18.040483474731445
18.02916717529297
17.982072830200195
17.979995727539063
18.011432647705078
17.955974578857422
17.919374465942383
18.016136169433594
18.041040420532227
18.096521377563477
18.074918746948242
18.082008361816406
18.022119522094727
18.097675323486328
18.05219268798828
18.02318572998047
18.19701385498047
18.202842712402344
18.294254302978516
18.172473907470703
18.118642807006836
18.177640914916992
18.2493839263916
18.131559371948242
18.103166580200195
18.035175323486328
18.12223243713379
18.12431526184082
18.078954696655273
18.03314971923828
18.058671951293945
18.03501319885254
18.04840660095215
17.958833694458008
18.036832809448242
17.975759506225586
18.024051666259766
17.999282836914063
18.04989242553711
18.002775192260742
18.068254470825195
18.0989990234375
18.07921600341797
17.979028701782227
18.0172061920166
17.983304977416992
17.912303924560547
17.87583351135254
17.954668045043945
18.05127716064453
17.95684051513672
17.950428009033203
18.01183319091797
17.978626251220703
17.962417602539063
18.014129638671875
18.074359893798828
18.064306259155273
18.042625427246094
18.042428970336914
18.111764907836914
18.02083396911621
18.08355140686035
18.085302352905273
18.121910095214844
18.15688705444336
18.04860496520996
18.137683868408203
18.089000701904297
17.97178077697754
17.96123504638672
18.004919052124023
18.048412322998047
18.078388214111328
18.023456573486328
18.015047073364258
18.033300399780273
18.019672393798828
18.06184959411621
18.013980865478516
17.971046447753906
18.031190872192383
18.092496871948242
18.050020217895508
18.138294219970703
17.98814582824707
18.053709030151367
18.136474609375
18.045127868652344
18.1292724609375
18.116003036499023
18.09770393371582
18.134647369384766
18.08857536315918
18.226669311523438
18.23171615600586
18.2717342376709
18.229887008666992
18.202512741088867
18.142608642578125
18.238523483276367
18.036235809326172
18.134239196777344
18.153404235839844
18.1546573638916
18.23013687133789
18.068477630615234
18.040943145751953
18.07861328125
18.232160568237305
18.123538970947266
18.185056686401367
18.129480361938477
18.07126235961914
18.154163360595703
18.160022735595703
18.13254737854004
18.05406951904297
18.103883743286133
18.08986473083496
18.16010093688965
18.071779251098633
18.04294204711914
18.110612869262695
18.099817276000977
18.17987823486328
18.144350051879883
18.044919967651367
18.041275024414063
18.105457305908203
18.100011825561523
18.093814849853516
18.071081161499023
18.0725154876709
18.137813568115234
18.06694793701172
18.103260040283203
18.084796905517578
18.14269256591797
18.194950103759766
18.141998291015625
18.15509796142578
18.159500122070313
18.122591018676758
18.094982147216797
18.12666893005371
18.160388946533203
18.23506736755371
18.15004539489746
18.12848472595215
18.18311309814453
18.087738037109375
18.1391658782959
18.147079467773438
18.078380584716797
18.052898406982422
18.081830978393555
18.110422134399414
18.110610961914063
18.07930564880371
18.14003562927246
18.032106399536133
18.185155868530273
18.14312171936035
18.144243240356445
18.13566017150879
18.14174461364746
18.146398544311523
18.15884780883789
18.169221878051758
18.30103874206543
18.258073806762695
18.284717559814453
18.2619686126709
18.276729583740234
18.24405288696289
18.161983489990234
18.152292251586914
18.162450790405273
18.21298599243164
18.188018798828125
18.204004287719727
18.23516845703125
18.11687469482422
18.052793502807617
17.969642639160156
18.13673973083496
18.15024757385254
18.141372680664063
18.2356014251709
18.156620025634766
18.163448333740234
18.16032600402832
18.0747127532959
18.0070858001709
18.11077117919922
18.204790115356445
18.232479095458984
18.109027862548828
18.10533905029297
18.106651306152344
18.09765625
18.14887046813965
18.154451370239258
18.183330535888672
18.172420501708984
18.12436866760254
18.127288818359375
18.157323837280273
18.114484786987305
18.058387756347656
18.033254623413086
18.13377571105957
18.154617309570313
18.126022338867188
18.21470069885254
18.17278480529785
18.139461517333984
18.142330169677734
18.102195739746094
18.206470489501953
18.15580940246582
18.056917190551758
18.185829162597656
18.06715965270996
18.003292083740234
18.125886917114258
18.0789852142334
18.147506713867188
18.100658416748047
18.148475646972656
18.159900665283203
18.110708236694336
18.09122657775879
18.082197189331055
18.12579345703125
18.073711395263672
18.07249641418457
18.08867835998535
18.031322479248047
18.033641815185547
18.01089096069336
18.106945037841797
18.045785903930664
18.040599822998047
18.081329345703125
18.09795570373535
18.095752716064453
18.036834716796875
18.037006378173828
18.076505661010742
18.066150665283203
18.05128288269043
18.14682960510254
18.026906967163086
18.127742767333984
18.07331657409668
18.08194351196289
18.079191207885742
18.04025650024414
18.039901733398438
18.046541213989258
17.988876342773438
18.098731994628906
18.062650680541992
18.06493377685547
18.111618041992188
18.051027297973633
18.159046173095703
18.11434555053711
18.189577102661133
18.22195053100586
18.117305755615234
18.09848976135254
18.15134620666504
18.102025985717773
18.149890899658203
18.110857009887695
18.099464416503906
18.15944480895996
18.028884887695313
18.049400329589844
18.035852432250977
17.968666076660156
18.150455474853516
18.044322967529297
18.110218048095703
18.091243743896484
18.100536346435547
18.146814346313477
18.07791519165039
18.199716567993164
18.161338806152344
18.190614700317383
18.205495834350586
18.219900131225586
18.117273330688477
18.065509796142578
18.126596450805664
18.06299591064453
18.0793399810791
18.094648361206055
18.07668113708496
18.01755142211914
18.113462448120117
18.104490280151367
18.120431900024414
17.968093872070313
18.020797729492188
18.061737060546875
18.103500366210938
18.06867218017578
18.120384216308594
18.108257293701172
18.062698364257813
18.061803817749023
18.114181518554688
18.13569450378418
18.159048080444336
18.095317840576172
18.117919921875
18.037872314453125
18.09256935119629
18.026996612548828
18.08172035217285
18.06136703491211
17.967788696289063
17.975799560546875
17.97905158996582
17.967973709106445
17.96969985961914
18.00409507751465
17.964271545410156
17.98322296142578
17.963376998901367
17.92278289794922
18.025075912475586
17.904998779296875
17.965354919433594
18.090818405151367
17.94677734375
17.929943084716797
18.008344650268555
18.055402755737305
18.01826286315918
18.053260803222656
17.982248306274414
17.961511611938477
18.031326293945313
18.041831970214844
18.096925735473633
17.963300704956055
17.923551559448242
18.041833877563477
18.053449630737305
18.047744750976563
18.020708084106445
18.079328536987305
18.038869857788086
17.989900588989258
18.072444915771484
18.05759048461914
18.00935173034668
18.059186935424805
17.996103286743164
18.092056274414063
18.136911392211914
18.13027000427246
18.134817123413086
18.102474212646484
17.985851287841797
17.923168182373047
18.058141708374023
17.968399047851563
18.106077194213867
18.0550479888916
17.998247146606445
17.92458724975586
17.982568740844727
18.024065017700195
18.00885009765625
18.102903366088867
17.950624465942383
18.092021942138672
18.01472282409668
18.069459915161133
18.059465408325195
18.104698181152344
18.125286102294922
18.10704231262207
18.09493064880371
18.071945190429688
18.05219268798828
18.093351364135742
18.080726623535156
18.17306137084961
18.122196197509766
18.12907600402832
18.04852294921875
18.10664939880371
18.065282821655273
18.14305877685547
18.065200805664063
17.99949836730957
17.99947166442871
17.99135398864746
18.022104263305664
18.086231231689453
18.01067352294922
17.995464324951172
17.942466735839844
18.022613525390625
17.937328338623047
18.022531509399414
18.0594425201416
18.023374557495117
17.980566024780273
17.98682403564453
18.06960678100586
18.04592514038086
18.030925750732422
18.06742286682129
18.030506134033203
18.071819305419922
18.082012176513672
18.005855560302734
18.067304611206055
18.0328426361084
17.966825485229492
18.052457809448242
18.030073165893555
17.997848510742188
17.96763038635254
17.944210052490234
18.075695037841797
18.055421829223633
18.00239372253418
18.03060531616211
18.011560440063477
17.865840911865234
18.052724838256836
18.03018569946289
18.064376831054688
18.109636306762695
18.051788330078125
17.914331436157227
18.07100486755371
18.065092086791992
18.056581497192383
18.0550537109375
18.05416488647461
18.126859664916992
17.996139526367188
18.019081115722656
17.960481643676758
17.99298095703125
17.902294158935547
17.964651107788086
17.969707489013672
18.068870544433594
18.004762649536133
17.974740982055664
18.05144500732422
18.04152488708496
18.02243995666504
17.974605560302734
17.95093536376953
17.982860565185547
17.96199607849121
17.952655792236328
17.971601486206055
18.037635803222656
17.99532699584961
18.013025283813477
17.983095169067383
17.88705062866211
17.927513122558594
18.046228408813477
17.972354888916016
17.995908737182617
17.92047882080078
17.97005271911621
17.931896209716797
17.976503372192383
18.031850814819336
17.970962524414063
17.991607666015625
18.001171112060547
17.987245559692383
17.991683959960938
18.001117706298828
17.968828201293945
18.041101455688477
17.985750198364258
17.996570587158203
17.929988861083984
17.91274642944336
17.916736602783203
17.962852478027344
17.901836395263672
17.98949432373047
17.99867057800293
18.055686950683594
17.945144653320313
17.991456985473633
17.964153289794922
17.990718841552734
17.979164123535156
18.088808059692383
18.031801223754883
18.04912757873535
18.1359806060791
18.03264045715332
18.103601455688477
18.08342933654785
18.1080379486084
18.155231475830078
18.011627197265625
18.13408660888672
18.095470428466797
17.97414207458496
17.981338500976563
18.039199829101563
18.021875381469727
18.015010833740234
17.99013900756836
18.03312110900879
17.910430908203125
17.851652145385742
17.871809005737305
17.94113540649414
17.925317764282227
17.96900177001953
18.02131462097168
18.000289916992188
18.04570960998535
18.045040130615234
17.97252655029297
17.929851531982422
17.98765754699707
17.986839294433594
18.009668350219727
17.969133377075195
18.023775100708008
18.030498504638672
18.035154342651367
17.990066528320313
18.02174186706543
18.027246475219727
18.087295532226563
18.059053421020508
18.050378799438477
18.022653579711914
18.08629035949707
18.035947799682617
18.100093841552734
18.131893157958984
18.10436248779297
18.142684936523438
18.145631790161133
18.070985794067383
18.113994598388672
18.077417373657227
18.053524017333984
18.086809158325195
18.145553588867188
18.107088088989258
18.045106887817383
17.99468231201172
18.025836944580078
18.01542854309082
18.076072692871094
18.106985092163086
18.099123001098633
18.1131649017334
18.090045928955078
18.00279426574707
18.008554458618164
18.112110137939453
18.141210556030273
18.19545555114746
17.989233016967773
18.113384246826172
18.12070655822754
18.120847702026367
17.928110122680664
18.009607315063477
18.027000427246094
18.037073135375977
18.138023376464844
18.180185317993164
18.180688858032227
18.118152618408203
18.128536224365234
18.052093505859375
18.102474212646484
18.145381927490234
18.081951141357422
18.081567764282227
18.193761825561523
18.115894317626953
18.083982467651367
18.123624801635742
18.113208770751953
18.057851791381836
18.104679107666016
18.08345603942871
18.073883056640625
18.017059326171875
18.164766311645508
18.13395118713379
18.104705810546875
18.09625816345215
18.11091423034668
18.149309158325195
18.12359046936035
18.15604591369629
18.10765838623047
18.144184112548828
18.169696807861328
18.1025447845459
18.073606491088867
18.04418182373047
18.0493221282959
18.083715438842773
18.149099349975586
18.001495361328125
18.06171226501465
18.078815460205078
18.116512298583984
18.041433334350586
18.089046478271484
18.100732803344727
18.140605926513672
18.073589324951172
18.138391494750977
18.05628776550293
18.133636474609375
18.175607681274414
18.097593307495117
18.06947135925293
18.026607513427734
18.186004638671875
18.123424530029297
18.12852668762207
18.042951583862305
18.041019439697266
18.072040557861328
18.096057891845703
18.113189697265625
18.043169021606445
18.090124130249023
18.033842086791992
18.007169723510742
18.038198471069336
18.103246688842773
17.983177185058594
18.035675048828125
18.153003692626953
18.117897033691406
18.158193588256836
18.14329719543457
18.041357040405273
18.127527236938477
18.137290954589844
18.073726654052734
18.11578369140625
18.112159729003906
18.11686897277832
18.082788467407227
18.10526466369629
18.131282806396484
18.094810485839844
18.08099937438965
18.07615089416504
18.088943481445313
18.07973289489746
18.175992965698242
18.05632972717285
18.108558654785156
18.028026580810547
18.073640823364258
18.0781307220459
18.03716468811035
17.993330001831055
18.132410049438477
18.10053253173828
18.0506649017334
18.076738357543945
18.017210006713867
18.11880111694336
18.052099227905273
17.95572853088379
18.04889678955078
18.08292007446289
18.164642333984375
18.20646095275879
18.056854248046875
18.127185821533203
18.198442459106445
18.111616134643555
18.09273338317871
18.14728355407715
18.132158279418945
18.045299530029297
17.95282745361328
18.11969566345215
18.125301361083984
18.095348358154297
18.01107406616211
18.098257064819336
17.97809600830078
17.970966339111328
18.054384231567383
17.919357299804688
17.992820739746094
17.945507049560547
18.03120231628418
18.005107879638672
18.019840240478516
18.01634407043457
18.05748748779297
18.023860931396484
17.994213104248047
18.017126083374023
17.949251174926758
18.016082763671875
17.980058670043945
17.988006591796875
18.004751205444336
18.069927215576172
18.0903377532959
17.96267318725586
17.981000900268555
17.973800659179688
18.000505447387695
17.957666397094727
17.941804885864258
17.95526123046875
18.097206115722656
18.02834129333496
17.977447509765625
18.032424926757813
18.05667495727539
18.04402732849121
17.962644577026367
18.058143615722656
18.045551300048828
18.1269588470459
17.9583797454834
17.97913360595703
18.049753189086914
18.07435417175293
18.109397888183594
18.0165958404541
18.11223030090332
18.02250099182129
18.082252502441406
18.07326889038086
18.011268615722656
18.046289443969727
18.08831787109375
18.053041458129883
17.95702362060547
18.127504348754883
17.997695922851563
18.083171844482422
18.10088539123535
18.03299903869629
18.012969970703125
18.140085220336914
18.08212661743164
18.044260025024414
18.081199645996094
18.034597396850586
18.095870971679688
18.01220703125
18.054378509521484
18.124258041381836
18.004520416259766
18.115036010742188
18.144678115844727
18.06233024597168
18.1740665435791
18.080310821533203
18.01012420654297
18.078266143798828
18.128820419311523
18.1275577545166
18.160293579101563
17.992137908935547
18.069547653198242
18.064098358154297
18.113887786865234
18.093812942504883
18.063087463378906
18.070114135742188
18.08293914794922
18.0470027923584
18.011117935180664
18.065189361572266
18.137767791748047
18.108484268188477
18.005578994750977
18.060792922973633
18.149349212646484
18.1300048828125
18.11777687072754
18.122478485107422
18.10877227783203
18.192453384399414
18.186378479003906
18.03268814086914
18.1381893157959
18.116586685180664
18.14275360107422
18.162670135498047
18.1295166015625
18.11214828491211
18.08920669555664
18.087522506713867
18.093156814575195
18.207414627075195
18.15627670288086
18.139686584472656
18.13763999938965
18.019678115844727
18.056528091430664
18.09763526916504
18.083696365356445
18.025657653808594
18.070350646972656
18.05545997619629
18.02367401123047
18.06363868713379
18.031856536865234
18.088899612426758
18.023542404174805
18.02699851989746
18.05120849609375
18.143922805786133
18.067485809326172
18.196992874145508
18.156635284423828
18.23175811767578
18.119510650634766
18.102540969848633
18.093769073486328
18.1383113861084
18.13730239868164
18.139129638671875
17.97595977783203
18.09170150756836
18.177452087402344
18.170394897460938
18.168811798095703
18.115070343017578
18.110721588134766
18.030824661254883
17.994365692138672
18.06590461730957
17.956823348999023
17.987930297851563
18.0474910736084
18.04102897644043
18.151901245117188
18.064708709716797
18.08511734008789
18.144338607788086
18.070240020751953
18.151708602905273
18.147558212280273
18.141124725341797
18.17564582824707
18.155967712402344
18.127796173095703
18.185026168823242
18.085575103759766
18.141023635864258
18.144134521484375
17.997285842895508
18.118755340576172
18.078418731689453
18.112762451171875
18.163814544677734
