1	1.720229268
2	2.159340382
3	2.351520538
4	2.554650307
5	2.625002861
6	2.577884197
7	2.93400836
8	2.981883764
9	2.931309462
10	3.053111792
11	3.214288473
12	3.329408646
13	3.248733282
14	3.249016285
15	3.134221792
16	3.09096694
17	3.282185555
18	3.252753496
19	3.362545967
20	3.326158285
21	3.319091082
22	3.294350147
23	3.09521699
24	3.098715782
25	3.108707428
26	3.193753958
27	3.200591803
28	3.168504715
29	3.409285545
30	3.423591375
31	3.230505705
32	3.251327753
33	3.478281736
34	3.297482014
35	3.343814373
36	3.682732582
37	3.639089108
38	3.473232269
39	3.533912182
40	3.590953112
41	3.529530048
42	3.542294025
43	3.514861107
44	3.622960806
45	3.859124184
46	3.63437748
47	3.563432455
48	3.510420084
49	3.482870102
50	3.65408206
51	3.533603907
52	3.597420454
53	3.60071516
54	3.726313114
55	3.681607485
56	3.702679873
57	3.494430304
58	3.658115625
59	3.615246296
60	3.700324297
61	3.547840118
62	3.67415309
63	3.69406867
64	3.795557022
65	3.662433147
66	3.688349247
67	3.750350475
68	3.72533536
69	3.61604023
70	3.722628593
71	3.717210293
72	3.736403465
73	3.756536245
74	3.687611341
75	3.698722124
76	3.829534054
77	3.8438797
78	3.740064144
79	3.688082218
80	3.682010889
81	3.620024681
82	3.768601656
83	3.705973387
84	3.472137928
85	3.622868299
86	3.659270048
87	3.562176943
88	3.751295567
89	3.843339205
90	3.651788235
91	3.695571661
92	3.617123842
93	3.590837479
94	3.804904938
95	3.852986336
96	3.708909512
97	3.644929171
98	3.649579048
99	3.844524145
100	3.756100416
101	3.655245066
102	3.615779161
103	3.681406975
104	3.543523788
105	3.575182676
106	3.571381569
107	3.654377699
108	3.693522215
109	3.55016613
110	3.696699619
111	3.733803988
112	3.653626919
113	3.753580332
114	3.66165781
115	3.733283281
116	3.665629148
117	3.68018508
118	3.782102108
119	3.762835741
120	3.868340015
121	3.837173462
122	3.732873201
123	3.828288555
124	3.865870714
125	3.827278852
126	3.714027643
127	3.780699968
128	3.611781597
129	3.805862188
130	3.814631462
131	3.986620665
132	3.830348253
133	3.740652561
134	3.685280085
135	3.901000261
136	3.797507286
137	3.729114294
138	3.986825466
139	4.137704849
140	4.110527039
141	4.041486263
142	3.980311632
143	3.993817806
144	3.876539469
145	4.030039787
146	3.978299856
147	3.984643698
148	3.910398245
149	3.930404902
150	3.922013998
151	3.887826204
152	3.735719919
153	3.586470127
154	3.644128799
155	3.781484127
156	3.861628056
157	3.751343727
158	3.682437897
159	3.754770756
160	3.813371181
161	3.83916831
162	4.027069092
163	3.984127522
164	3.831888199
165	3.8256495
166	3.667933464
167	3.744042397
168	3.688120365
169	3.938941479
170	3.85436368
171	3.763950109
172	3.808793306
173	3.748069525
174	3.793827772
175	3.777216673
176	3.883749962
177	4.004331112
178	4.071226597
179	3.947494507
180	3.917182922
181	3.852045059
182	3.888029575
183	4.035648346
184	3.9766922
185	3.77510047
186	3.967984676
187	4.023274899
188	3.967072964
189	3.86172843
190	3.913434267
191	3.893051624
192	3.738422155
193	3.899017572
194	3.778772354
195	3.743474245
196	3.905621767
197	4.025225639
198	4.057483673
199	4.025530338
200	4.059659958
201	4.215786457
202	4.237115383
203	4.017724037
204	4.163829803
205	4.164943695
206	4.161637783
207	4.02515173
208	4.045963287
209	3.902534485
210	4.070719719
211	4.195918083
212	4.120023727
213	4.057675838
214	3.906419516
215	3.942668676
216	4.016738892
217	4.188494682
218	4.20960474
219	4.162274361
220	4.174060822
221	4.097998142
222	4.020467281
223	4.153080463
224	4.206257343
225	4.263922691
226	4.068562508
227	4.29179287
228	3.98116374
229	4.161157131
230	3.987382412
231	4.072449684
232	3.764941931
233	3.881670952
234	3.945748091
235	4.051836967
236	3.999162674
237	4.173694134
238	3.889537334
239	4.091948986
240	4.149645329
241	4.055059433
242	4.037451267
243	4.201109886
244	4.313700676
245	4.050782681
246	4.026964664
247	3.985736132
248	4.212348938
249	4.096120834
250	4.120100021
251	4.11340332
252	4.117001057
253	4.197134972
254	4.299304962
255	4.11099577
256	4.12993288
257	3.944675207
258	4.187083244
259	3.975204468
260	4.017823219
261	4.146386623
262	4.110604763
263	4.106776237
264	4.043371201
265	4.111129284
266	3.980751038
267	3.796185255
268	4.099992275
269	3.993010759
270	4.080749035
271	4.065035343
272	3.829862595
273	3.792979479
274	3.970139027
275	4.000541687
276	3.977734804
277	3.961883068
278	4.007944584
279	4.022368431
280	3.974436998
281	3.991744041
282	3.926440239
283	3.900698185
284	3.963897228
285	3.957971811
286	4.056727886
287	3.878948689
288	3.995871544
289	4.044327736
290	3.902038574
291	3.98250556
292	3.967747211
293	4.095514297
294	3.986977577
295	3.764926434
296	3.909780025
297	4.048525333
298	4.065647125
299	3.974283934
300	4.151626587
301	4.077136517
302	3.938832045
303	3.824707985
304	3.772691488
305	3.74955678
306	3.798130989
307	3.849122763
308	3.960210562
309	3.861656904
310	3.905957937
311	3.918423891
312	3.964715719
313	4.051367283
314	4.136246681
315	4.03489399
316	3.860895872
317	3.785122395
318	3.878509998
319	3.895235538
320	4.054209232
321	3.87565136
322	3.792762756
323	4.054187298
324	3.849573135
325	3.901810408
326	4.039483547
327	3.860396385
328	3.944565535
329	3.940793991
330	3.974487543
331	3.924154043
332	3.924584389
333	4.060610294
334	4.119590282
335	4.129446983
336	3.922876596
337	4.095631599
338	3.925523281
339	3.985488653
340	3.85167551
341	3.777747631
342	3.836305857
343	3.806986332
344	3.898444176
345	4.088365555
346	3.827116489
347	3.929946899
348	3.90820384
349	3.972555637
350	4.070247173
351	3.935565233
352	3.86459136
353	3.909271717
354	4.103088379
355	3.96045661
356	3.957125664
357	3.933706999
358	4.110648632
359	3.869213343
360	4.045152187
361	4.196918488
362	3.913671017
363	3.901774645
364	3.800149918
365	3.904688597
366	3.97519207
367	3.851827621
368	3.889491081
369	3.773546457
370	3.916886806
371	3.846708775
372	3.847248554
373	3.832562923
374	3.855885029
375	3.839730501
376	3.938112736
377	3.815795898
378	3.923792362
379	3.819936037
380	3.960842609
381	3.863725662
382	3.771462917
383	3.925638914
384	3.871634007
385	3.796351433
386	4.056185722
387	4.054560661
388	3.926515818
389	4.015192509
390	4.013599873
391	3.938413382
392	3.962044239
393	3.874238491
394	3.761449099
395	3.799776316
396	3.773620129
397	3.757893562
398	3.82493186
399	3.572369814
400	3.674809694
401	3.837410212
402	3.728729725
403	3.802420139
404	3.908880472
405	3.707372427
406	3.642256737
407	3.690781116
408	3.882269144
409	3.841969967
410	3.910712957
411	3.835111618
412	3.814304829
413	3.862178087
414	3.782530785
415	3.80705142
416	3.905317307
417	3.942783117
418	3.896478653
419	3.787581921
420	3.74522686
421	3.812963247
422	3.892797947
423	3.834852695
424	3.810310841
425	3.813755751
426	3.832158089
427	3.8852458
428	4.03660965
429	4.080900192
430	4.014784813
431	3.928270102
432	3.922054291
433	4.027497768
434	4.063394547
435	3.990858078
436	4.108232975
437	4.028790951
438	3.995013475
439	3.880151987
440	4.02230072
441	3.964901924
442	3.913080931
443	4.077669144
444	4.132805347
445	4.037594795
446	4.064455986
447	3.909034967
448	3.972163916
449	3.961107731
450	3.883937359
451	3.922748566
452	3.834800959
453	3.998705149
454	3.740391493
455	3.904618979
456	4.004833221
457	3.832043409
458	3.816251755
459	3.867480755
460	3.811703205
461	3.815380335
462	3.700677872
463	3.919016123
464	3.873531103
465	3.888905287
466	3.790977716
467	3.806592226
468	3.849297285
469	3.88288331
470	3.843853474
471	3.960639715
472	3.944330454
473	3.76174736
474	3.897328138
475	3.825045824
476	3.892023802
477	3.739649534
478	3.822584391
479	3.823706865
480	3.862855196
481	3.786242247
482	3.924997091
483	3.84388876
484	3.916681528
485	4.001933098
486	3.999694109
487	3.792095184
488	3.858873129
489	3.837887287
490	3.755985498
491	3.880430698
492	4.005725861
493	3.980114222
494	4.055760384
495	3.917328119
496	3.732918501
497	3.680098295
498	3.610611439
499	3.534329891
500	3.518937111
501	3.486334801
502	3.602330208
503	3.585510254
504	3.80818367
505	3.685459375
506	3.939242363
507	3.7947824
508	3.836972713
509	3.805478811
510	3.874002934
511	3.871163845
512	3.827138901
513	3.690220833
514	3.746940851
515	3.678868294
516	3.704906464
517	3.617292166
518	3.621880531
519	3.815603971
520	3.807063103
521	3.734916449
522	3.703808069
523	3.758935213
524	3.739612818
525	3.787567377
526	3.701289892
527	3.768347025
528	3.625971317
529	3.679342031
530	3.712875366
531	3.733352661
532	3.682629347
533	3.66964817
534	3.648749352
535	3.592585087
536	3.722512007
537	3.608889341
538	3.564591408
539	3.677662849
540	3.817194462
541	3.77902174
542	3.695305109
543	3.804138422
544	3.819810629
545	3.614004374
546	3.64483428
547	3.555156469
548	3.517133474
549	3.672980547
550	3.732007027
551	3.696443558
552	3.50190711
553	3.623658657
554	3.574540138
555	3.577360868
556	3.571790695
557	3.613912344
558	3.581453562
559	3.491509199
560	3.535432339
561	3.537109375
562	3.455971241
563	3.450299501
564	3.498202085
565	3.644698381
566	3.415835381
567	3.446895838
568	3.343752384
569	3.49948597
570	3.427718163
571	3.415573597
572	3.422181606
573	3.555654764
574	3.624273777
575	3.656446457
576	3.822829485
577	3.579374552
578	3.578967094
579	3.632403851
580	3.740606308
581	3.84220624
582	3.622148275
583	3.734332085
584	3.792176962
585	3.759086847
586	3.608021498
587	3.714736938
588	3.744598627
589	3.797477722
590	3.591744661
591	3.685701847
592	3.646487236
593	3.711305618
594	3.493948221
595	3.730990171
596	3.605535746
597	3.49838829
598	3.440132141
599	3.650212288
600	3.562019825
601	3.702161312
602	3.710688829
603	3.779401064
604	3.859102488
605	3.820845842
606	3.919425488
607	3.856813908
608	3.726909637
609	4.065124989
610	4.008339882
611	3.744836569
612	3.821733236
613	3.9048419
614	3.889794827
615	3.967734337
616	3.884025097
617	3.844038963
618	3.753792286
619	3.834668636
620	3.956629753
621	3.979513168
622	3.861733437
623	3.898766279
624	3.859609604
625	3.82329154
626	3.737613916
627	3.782061815
628	3.855712414
629	3.818213463
630	3.93255043
631	3.806737185
632	3.893141508
633	3.851807356
634	3.765468597
635	3.890971184
636	3.773617029
637	3.93593359
638	3.970014811
639	3.794725895
640	3.807349682
641	3.779059887
642	3.881530285
643	3.858402491
644	3.771722794
645	3.893811226
646	3.899594545
647	3.82273674
648	3.851437807
649	3.79661417
650	3.835537672
651	3.640178442
652	3.665104866
653	3.798589706
654	3.846196413
655	3.628576517
656	3.824260235
657	3.708456755
658	3.639824152
659	3.782051325
660	3.872877598
661	3.623325109
662	3.839958191
663	3.820085287
664	3.672365904
665	3.721766949
666	3.68645978
667	3.854908228
668	3.746339083
669	3.770795584
670	3.803132057
671	3.767646313
672	3.84664607
673	3.838849545
674	4.005280495
675	3.905281305
676	3.951414585
677	3.973805189
678	3.739239454
679	3.745646238
680	3.772683382
681	3.66869998
682	3.656138182
683	3.782217264
684	3.762341738
685	3.602391958
686	3.809464216
687	3.657870531
688	3.785279989
689	3.766375065
690	3.862811089
691	3.925189495
692	3.940278769
693	3.76194334
694	3.844587326
695	3.889278173
696	3.902434349
697	3.768794775
698	3.893857718
699	3.664825201
700	3.795229912
701	3.78626895
702	3.873316765
703	3.793453217
704	3.802144289
705	3.869650126
706	3.882851601
707	3.781944752
708	3.793059349
709	3.840863466
710	3.76008749
711	3.759443045
712	3.82060957
713	3.765743017
714	4.045473099
715	3.870211124
716	3.808147907
717	3.755050659
718	3.722892284
719	3.818211555
720	3.827463388
721	3.761939287
722	3.800150633
723	3.699607849
724	3.674557686
725	3.750866652
726	3.94374752
727	4.070969105
728	3.842375755
729	3.771880388
730	3.971539259
731	3.860855818
732	3.934271812
733	3.817140579
734	3.917178392
735	3.804746628
736	3.608845949
737	3.773465872
738	3.897233486
739	3.712446451
740	3.728942871
741	3.949207783
742	3.913161039
743	3.751549482
744	3.937143326
745	4.038479805
746	3.991406679
747	3.875307083
748	3.931455851
749	3.565015793
750	3.797051668
751	3.788912773
752	3.827493191
753	3.820958614
754	3.851811647
755	3.713479757
756	3.775876045
757	3.859274149
758	3.724154711
759	3.950332642
760	4.055968761
761	3.99681282
762	4.033475876
763	3.738972664
764	3.935012817
765	4.053929329
766	3.870618343
767	3.894409895
768	3.911132336
769	3.963269949
770	3.820114374
771	3.938681602
772	4.079554081
773	3.916110754
774	3.925697327
775	3.87006259
776	4.021041393
777	3.902163029
778	3.830667019
779	3.910948038
780	3.869332314
781	3.952199459
782	4.107635021
783	4.04781723
784	3.872431755
785	4.062775135
786	3.994584322
787	4.00826025
788	4.110091209
789	4.019269943
790	3.8940413
791	3.962444782
792	3.728209019
793	3.922616482
794	4.047012806
795	4.01329422
796	4.080904484
797	4.172979832
798	4.012162209
799	3.952849388
800	3.993030548
801	3.901021004
802	4.052933216
803	3.993257999
804	4.01453352
805	3.966143131
806	4.011646271
807	4.170913219
808	4.131449699
809	4.12637949
810	4.102325439
811	4.040112495
812	4.037629604
813	3.975170851
814	3.993450403
815	4.011544704
816	3.967773199
817	4.169449806
818	4.042168617
819	4.273865223
820	3.957692862
821	3.811360359
822	3.892792463
823	3.903479815
824	4.053275585
825	3.991339684
826	3.980619192
827	4.019441605
828	3.917558908
829	4.010847569
830	4.017036438
831	3.955394268
832	4.015645504
833	4.027475834
834	3.968276501
835	3.846360207
836	3.86563921
837	3.936656952
838	3.990750313
839	3.843631983
840	4.02756691
841	3.913276196
842	4.009606838
843	4.081824303
844	4.047539234
845	4.044102192
846	4.209814072
847	4.030494213
848	4.025648594
849	4.00433445
850	4.057051182
851	4.056916714
852	4.192932606
853	4.145260334
854	4.125557899
855	4.102776527
856	4.092886448
857	4.008919716
858	3.993451118
859	4.005337238
860	4.239588261
861	4.072795868
862	3.972645044
863	3.943204403
864	4.057482243
865	4.167265415
866	4.146217346
867	4.018855572
868	4.065893173
869	3.891830206
870	4.017977715
871	3.976901531
872	4.130069256
873	4.135545731
874	4.174414158
875	4.139696121
876	3.997024536
877	4.147038937
878	4.145623684
879	4.012008667
880	4.031759262
881	4.196618557
882	4.135613441
883	4.24252224
884	4.184298515
885	4.19976902
886	4.147670746
887	4.014509201
888	3.996457577
889	3.96715045
890	3.960269213
891	3.863480806
892	4.045284271
893	4.038248062
894	3.989992619
895	3.963846684
896	3.904093027
897	4.028863907
898	4.123932838
899	3.971318722
900	3.971401453
901	4.071810722
902	3.984134912
903	3.978940964
904	4.076618195
905	4.15384531
906	4.065351963
907	4.028643608
908	3.99113512
909	4.141545773
910	4.150233269
911	4.078852177
912	4.090218544
913	3.909084797
914	4.090258598
915	3.994798899
916	3.879240751
917	3.857058287
918	3.997268915
919	3.883853436
920	3.908179522
921	3.912577152
922	3.925922155
923	3.985581398
924	3.924185038
925	3.980503559
926	3.815876007
927	3.912445545
928	3.970882416
929	4.030042648
930	4.040212631
931	4.085145473
932	4.014090538
933	4.012145042
934	4.036785126
935	3.950884581
936	3.947100163
937	4.108372688
938	4.072582722
939	4.075921059
940	4.13463068
941	4.06099081
942	4.090350628
943	3.886171818
944	3.87562561
945	3.899637222
946	4.00566721
947	4.119977474
948	4.006635189
949	4.139019966
950	4.142382145
951	4.118913651
952	3.991977692
953	3.987381697
954	3.98365593
955	3.8496418
956	3.941169739
957	3.909270525
958	3.94053793
959	3.98897934
960	3.959860563
961	3.962073326
962	4.011079311
963	4.113964081
964	3.984358549
965	3.875470877
966	3.891453743
967	3.776827335
968	3.912512541
969	3.843460321
970	3.867589951
971	3.981792927
972	3.928570747
973	3.858039618
974	3.914524317
975	3.829881668
976	3.784353495
977	3.902894735
978	4.0017519
979	4.055094719
980	4.1616745
981	4.158308983
982	4.091320992
983	4.078644753
984	4.07047224
985	4.005890846
986	3.998322725
987	4.093700886
988	4.005493164
989	4.193970203
990	4.175427437
991	4.170217991
992	4.105370522
993	4.054114819
994	4.11697197
995	4.271858692
996	4.078204632
997	4.149951935
998	4.182701111
999	4.207409859
1000	4.222473145
1001	4.097114563
1002	4.310418129
1003	4.26321888
1004	4.148747444
1005	4.168411732
1006	4.143085003
1007	4.036561966
1008	4.198488712
1009	4.283828735
1010	4.270058632
1011	4.210010529
1012	4.268504143
1013	4.227191925
1014	4.141486168
1015	4.179109097
1016	4.170360565
1017	4.128849983
1018	4.189585686
1019	4.101493359
1020	4.236557961
1021	4.227338791
1022	4.109474659
1023	4.090080738
1024	4.077559471
1025	4.121938229
1026	4.064889431
1027	3.988064528
1028	4.021046162
1029	4.06325388
1030	4.072855473
1031	4.093251228
1032	3.996848822
1033	3.940852642
1034	4.052929878
1035	3.96070981
1036	4.058298588
1037	4.041030884
1038	4.023053169
1039	4.10752821
1040	4.075637817
1041	4.221110344
1042	4.185045719
1043	4.017444134
1044	4.116204262
1045	4.140364647
1046	4.06577158
1047	4.124277592
1048	4.064017773
1049	4.124993801
1050	4.126072884
1051	4.12953186
1052	4.064199924
1053	4.044432163
1054	4.145710945
1055	4.192914486
1056	4.145556927
1057	4.104800701
1058	4.154435635
1059	4.096813679
1060	4.143228054
1061	4.160413265
1062	4.219508648
1063	4.340941906
1064	4.113613129
1065	4.184970856
1066	4.080674171
1067	4.039036751
1068	4.106814384
1069	4.126382351
1070	4.13193655
1071	4.180004597
1072	4.022182465
1073	4.181379795
1074	4.244439125
1075	4.292662144
1076	4.22851944
1077	4.341897011
1078	4.224349022
1079	4.037679672
1080	4.204231739
1081	4.223322392
1082	4.211399555
1083	4.122322559
1084	4.044215202
1085	4.040956974
1086	4.187876225
1087	4.150310516
1088	4.321681023
1089	4.110565662
1090	4.173423767
1091	4.212984562
1092	4.164677143
1093	4.174577713
1094	4.091300488
1095	4.079374313
1096	4.110919952
1097	4.175287247
1098	4.128442764
1099	4.08668232
1100	4.10043335
1101	4.041588306
1102	4.110741615
1103	4.145089626
1104	3.976654768
1105	4.101032257
1106	4.143613338
1107	4.171700954
1108	3.999090433
1109	4.019371986
1110	4.097391605
1111	4.102540016
1112	4.131625175
1113	4.081686974
1114	4.101450443
1115	4.067633629
1116	4.144648075
1117	4.210093021
1118	4.180258274
1119	4.141133785
1120	4.25484848
1121	4.119776249
1122	4.115517616
1123	4.221672058
1124	4.04713583
1125	4.083796501
1126	4.06477356
1127	4.145963192
1128	4.088293552
1129	4.122229099
1130	4.177598476
1131	4.105407715
1132	4.078275681
1133	4.020255566
1134	4.062962055
1135	4.08360815
1136	4.105690479
1137	4.061743736
1138	4.122118473
1139	4.014765739
1140	4.027304649
1141	3.996631145
1142	4.104273796
1143	4.09581852
1144	4.012065411
1145	4.137060642
1146	4.040092468
1147	4.121692657
1148	4.150137424
1149	4.011169434
1150	4.02903986
1151	4.0246315
1152	4.062724113
1153	4.003052235
1154	4.142217636
1155	4.243299961
1156	4.155005932
1157	4.122272015
1158	4.128674984
1159	4.044541836
1160	4.008117676
1161	4.073161602
1162	4.04634428
1163	3.998619795
1164	3.995699406
1165	3.987678766
1166	4.072152138
1167	3.952376604
1168	4.018860817
1169	3.996265173
1170	4.107138157
1171	4.002991676
1172	4.068613529
1173	3.968359232
1174	4.016150475
1175	4.149003029
1176	4.110236168
1177	4.084199429
1178	4.202996254
1179	4.093515396
1180	4.108822346
1181	4.090276241
1182	4.065150261
1183	4.141062737
1184	4.028055668
1185	4.030121803
1186	4.029166698
1187	4.106293678
1188	4.224207878
1189	4.189374924
1190	4.158430576
1191	4.125088692
1192	4.065180779
1193	4.312860966
1194	4.075845718
1195	4.019015789
1196	4.046299934
1197	4.041666985
1198	4.057238579
1199	4.023428917
1200	4.088655949
1201	4.207190037
1202	4.163166523
1203	4.114040852
1204	4.149511814
1205	4.091237068
1206	4.135523319
1207	4.105913639
1208	4.147027016
1209	4.056992054
1210	4.125748634
1211	4.084966183
1212	4.140539646
1213	3.933763266
1214	3.996459961
1215	3.968663216
1216	4.132667065
1217	3.933676243
1218	4.083444595
1219	4.066000938
1220	4.019688606
1221	4.046052933
1222	4.074607849
1223	4.116838932
1224	4.117687702
1225	4.161509514
1226	4.086240292
1227	4.081365585
1228	4.075738907
1229	4.144413948
1230	4.154123783
1231	4.285113811
1232	4.115233421
1233	4.177657604
1234	4.104204178
1235	4.123074055
1236	4.185545921
1237	4.092202663
1238	4.138008595
1239	4.21977663
1240	4.220696449
1241	4.150730133
1242	4.049691677
1243	4.211475849
1244	4.152097225
1245	4.106552124
1246	4.167905331
1247	4.154567242
1248	3.985268593
1249	4.198327541
