29	12.661493301391602
29	12.933469772338867
29	12.939530372619629
29	12.915220260620117
29	11.862255096435547
29	11.88325023651123
29	11.3152494430542
29	11.495292663574219
29	10.665544509887695
29	10.882062911987305
29	10.810035705566406
29	11.152999877929688
29	10.816947937011719
29	10.875433921813965
29	11.062277793884277
29	9.854960441589355
29	9.647100448608398
30	9.605062484741211
30	9.972211837768555
30	9.036102294921875
30	9.00507926940918
30	9.473764419555664
30	8.17980670928955
30	8.029918670654297
31	7.821991920471191
31	8.1654052734375
31	7.181235313415527
31	7.322279930114746
31	7.5712971687316895
31	7.794063568115234
31	7.5734357833862305
31	7.707851886749268
31	7.661816120147705
31	7.7081403732299805
31	8.193502426147461
31	8.414048194885254
31	8.421810150146484
31	8.672904014587402
31	8.91573429107666
31	8.882049560546875
31	8.889636039733887
31	6.292095184326172
31	6.262916088104248
32	5.809868335723877
32	6.1210455894470215
32	5.122164249420166
32	5.231743812561035
32	5.526076316833496
32	5.869775772094727
32	5.739006042480469
32	5.849649429321289
32	6.052622318267822
32	4.388607978820801
32	4.670879364013672
33	3.833228349685669
33	3.998906135559082
33	3.4899537563323975
33	4.002267360687256
33	4.016512393951416
33	4.226250648498535
33	4.0936760902404785
33	4.971736907958984
33	5.079239368438721
33	5.790025234222412
33	6.1284966468811035
33	6.146660804748535
33	6.112578392028809
33	5.6344146728515625
33	5.96865177154541
33	5.920137405395508
33	5.943729877471924
33	2.6519885063171387
33	2.342777967453003
34	2.7297799587249756
34	3.346714735031128
34	2.360645055770874
34	2.560445547103882
34	3.2202627658843994
34	3.5637614727020264
34	3.3468730449676514
34	4.133651256561279
34	4.742996692657471
34	4.653903484344482
34	1.585623860359192
34	1.8782141208648682
35	1.250314712524414
35	1.6845194101333618
35	1.2541236877441406
35	1.4840296506881714
35	2.050475835800171
35	2.3770973682403564
35	2.4704973697662354
35	2.527517557144165
35	2.909946918487549
35	3.121276378631592
35	3.558566093444824
35	3.402264356613159
35	1.1313971281051636
35	1.2233418226242065
36	1.0353424549102783
36	1.095225214958191
36	0.9636885523796082
36	0.9706137776374817
36	1.0556819438934326
36	1.5154913663864136
36	1.4638620615005493
36	1.373671054840088
36	1.7819534540176392
36	0.9168015718460083
36	0.9879341721534729
37	0.8581228256225586
37	0.8655531406402588
37	0.8385177850723267
37	0.8732143640518188
37	0.8157254457473755
37	0.8421614170074463
37	0.8592113852500916
37	0.7828596830368042
37	0.7953514456748962
37	0.8489258289337158
37	0.8048014640808105
37	0.8611109256744385
37	0.8041472434997559
37	0.8738652467727661
37	0.858081042766571
37	0.7924684286117554
37	0.8372658491134644
37	0.8049732446670532
37	0.8610396385192871
37	0.8581320643424988
37	0.9107508659362793
38	0.8903679847717285
38	0.9387151598930359
38	0.9308692216873169
38	1.0102362632751465
38	0.9804376363754272
38	1.3337452411651611
38	1.3234310150146484
38	1.1267122030258179
38	1.6960676908493042
38	1.6003302335739136
38	1.7252352237701416
38	2.211824893951416
38	2.346703052520752
38	2.268099308013916
38	2.8385353088378906
38	2.7334237098693848
38	2.544184446334839
38	2.8532602787017822
38	2.8455395698547363
38	2.907412052154541
38	1.0336283445358276
38	1.133719801902771
39	1.195910096168518
39	1.2923654317855835
39	1.3912270069122314
39	1.4255965948104858
39	1.821665644645691
39	1.9327983856201172
39	2.046056032180786
39	2.034940719604492
39	1.9115221500396729
39	2.3456645011901855
39	2.7132339477539063
39	3.225137233734131
39	3.589322328567505
39	3.5767934322357178
39	3.57254695892334
39	1.308214783668518
39	1.4777240753173828
40	1.1537010669708252
40	1.1138254404067993
40	1.21576726436615
40	1.4334235191345215
40	1.4731897115707397
40	2.0126500129699707
40	1.926054835319519
40	1.6585811376571655
40	2.219592809677124
40	2.222377300262451
40	1.0056461095809937
40	1.1126798391342163
41	0.9053791165351868
41	0.9999639391899109
41	0.8801292777061462
41	0.8958134651184082
41	1.024962306022644
41	1.1609017848968506
41	1.1727408170700073
41	1.020595669746399
41	1.3334741592407227
41	1.7363152503967285
41	1.434244990348816
41	1.89299476146698
41	1.2236988544464111
41	1.4118860960006714
41	1.8948079347610474
41	1.244627594947815
41	1.6331232786178589
41	1.312086582183838
41	1.7064411640167236
41	0.9069212079048157
41	1.001297950744629
42	0.9065977334976196
42	0.9428348541259766
42	0.9896512627601624
42	1.0317624807357788
42	0.9577951431274414
42	1.0535334348678589
42	1.078681468963623
42	1.311486840248108
42	1.3782480955123901
42	1.0491697788238525
42	1.214821457862854
42	1.4232009649276733
42	0.8704983592033386
42	0.9733781218528748
43	0.774062991142273
43	0.8082819581031799
43	0.7100964784622192
43	0.7483108639717102
43	0.7584080100059509
43	0.8024229407310486
43	0.79510498046875
43	0.910950243473053
43	1.1644660234451294
43	1.314470648765564
43	1.2956230640411377
43	1.9033418893814087
43	1.9530644416809082
43	0.6529808640480042
43	0.6875838041305542
44	0.6344115734100342
44	0.6792797446250916
44	0.6326665878295898
44	0.6710828542709351
44	0.6827479600906372
44	0.7327180504798889
44	0.7408975958824158
44	0.7856959104537964
44	0.8719923496246338
44	0.8711347579956055
44	0.9616449475288391
44	1.2812614440917969
44	1.8023834228515625
44	1.7761871814727783
44	1.78323233127594
44	0.6270532011985779
44	0.67385333776474
45	0.6318865418434143
45	0.6533206701278687
45	0.6857273578643799
45	0.8313862085342407
45	0.8748211860656738
45	0.5565177202224731
45	0.59356290102005
46	0.5715733766555786
46	0.6829906702041626
46	0.5290689468383789
46	0.5442721843719482
46	0.6204597353935242
46	1.0181516408920288
46	0.9988222718238831
46	0.8523768186569214
46	1.4447678327560425
46	1.2856099605560303
46	1.8365604877471924
46	1.8046607971191406
46	1.7702667713165283
46	1.220705509185791
46	1.7056950330734253
46	1.7603719234466553
46	1.7542757987976074
46	0.5005237460136414
46	0.568219006061554
47	0.47991546988487244
47	0.5240483283996582
47	0.4514347314834595
47	0.4734465479850769
47	0.5030311346054077
47	0.5789391398429871
47	0.5688380599021912
47	0.5797721147537231
47	1.3834644556045532
47	0.42806804180145264
47	0.5106731057167053
48	0.4141567349433899
48	0.4660143256187439
48	0.42075425386428833
48	0.46450552344322205
48	0.5147227644920349
48	0.6000778079032898
48	0.6699091792106628
48	1.2724589109420776
48	1.2826735973358154
48	1.2566834688186646
48	0.6398372650146484
48	1.297593355178833
48	1.1966416835784912
48	1.011407732963562
48	1.6428782939910889
48	1.614421010017395
48	1.6290467977523804
48	0.405466765165329
48	0.48878687620162964
49	0.40983426570892334
49	0.47166526317596436
49	0.4021470546722412
49	0.4243660867214203
49	0.4639606177806854
49	0.514132559299469
49	0.5381511449813843
49	1.1898250579833984
49	1.1841715574264526
49	1.1785993576049805
49	0.575822651386261
49	1.082703709602356
49	1.024529218673706
49	0.8261231184005737
49	1.462931752204895
49	1.477895736694336
49	1.4070732593536377
49	0.3982524275779724
49	0.4844202399253845
50	0.3981535732746124
50	0.4482254087924957
50	0.4041047692298889
50	0.4395160973072052
50	0.452995240688324
50	0.49916988611221313
50	0.5533213019371033
50	1.1852447986602783
50	1.1807492971420288
50	1.2168653011322021
50	0.5362290740013123
50	0.8069918751716614
50	0.7941305041313171
50	0.7230011820793152
50	1.320837378501892
50	1.3477896451950073
50	1.3231457471847534
50	0.39626002311706543
50	0.4573914110660553
51	0.4128183424472809
51	0.4757246971130371
51	0.41841015219688416
51	0.44538626074790955
51	0.5120239853858948
51	0.5482690930366516
51	0.6239189505577087
51	0.6183093786239624
51	0.6334123015403748
51	0.8826873302459717
51	1.0566848516464233
51	0.9827389717102051
51	0.4265153110027313
51	0.49888259172439575
52	0.44657400250434875
52	0.49219444394111633
52	0.4746839702129364
52	0.4984933137893677
52	0.5279910564422607
52	0.5814160704612732
52	0.6195780038833618
52	0.5403106212615967
52	0.5637074112892151
52	0.6935020685195923
52	0.8135825991630554
52	0.7934550046920776
52	0.5026622414588928
52	0.5672957301139832
53	0.5330697894096375
53	0.5671932101249695
53	0.5816981196403503
53	0.6314022541046143
53	0.6264868378639221
53	0.9701722264289856
53	1.091105580329895
53	0.9585077166557312
53	1.489141821861267
53	1.419804573059082
53	1.0204541683197021
53	1.5346590280532837
53	1.4937772750854492
53	1.145241141319275
53	1.6861097812652588
53	1.6919136047363281
53	1.1272187232971191
53	1.5323541164398193
53	1.534518837928772
53	1.504434585571289
53	0.6312554478645325
53	0.7427696585655212
54	0.6575415134429932
54	0.6898531317710876
54	0.7277770042419434
54	0.8041250109672546
54	0.8794099688529968
54	1.1888511180877686
54	1.319838047027588
54	1.5611956119537354
54	2.0362157821655273
54	2.270123243331909
54	2.924948215484619
54	2.353489398956299
54	0.7258442640304565
54	0.8624929189682007
55	0.7794021964073181
55	0.9034510850906372
55	0.8423265814781189
55	0.8597041368484497
55	0.859850287437439
55	0.9760665893554688
55	0.9847581386566162
55	0.7414957284927368
55	0.820381224155426
55	0.9788275957107544
55	0.8625262975692749
55	1.0553781986236572
55	0.8274658918380737
55	0.9662727117538452
55	0.7657908797264099
55	0.9071114659309387
55	0.8040245175361633
55	0.962213933467865
55	1.0298957824707031
55	1.1513988971710205
56	1.1716433763504028
56	1.175096869468689
56	1.3944369554519653
56	1.5315378904342651
56	1.6000350713729858
56	1.621872901916504
56	2.010435104370117
56	2.4877796173095703
56	2.961033344268799
56	1.8832292556762695
56	2.8663947582244873
56	3.531573534011841
56	2.781445264816284
56	2.366471767425537
56	2.8745126724243164
56	1.4200363159179688
56	1.3335963487625122
57	1.702017903327942
57	1.8954050540924072
57	1.853690505027771
57	1.786922574043274
57	2.3341660499572754
57	2.707282066345215
57	2.6623313426971436
57	2.6666977405548096
57	3.01516056060791
57	3.096043586730957
57	2.9310967922210693
57	3.152709722518921
57	3.122192859649658
57	3.5376012325286865
57	3.8158493041992188
57	3.880019187927246
57	4.126115798950195
57	4.428753852844238
57	4.466615200042725
57	4.419204235076904
57	1.872153878211975
57	1.9404633045196533
58	1.9890928268432617
58	2.0478031635284424
58	2.2339162826538086
58	2.465212821960449
58	2.5596306324005127
58	2.7893731594085693
58	2.9046013355255127
58	2.776762008666992
58	3.0294694900512695
58	2.1521108150482178
58	2.4563210010528564
59	1.9090417623519897
59	1.764553189277649
59	2.051142930984497
59	2.41384220123291
59	2.2161543369293213
59	2.5685436725616455
59	2.3099308013916016
59	2.4149487018585205
59	2.7429683208465576
59	3.102846622467041
59	3.202075958251953
59	3.061209201812744
59	1.893424153327942
59	2.0533409118652344
60	1.75839364528656
60	1.7792563438415527
60	1.8185572624206543
60	2.0300452709198
60	1.9154707193374634
60	1.7017377614974976
60	2.2001729011535645
61	1.4716646671295166
61	1.687105417251587
61	1.4416542053222656
61	1.6067769527435303
61	1.5585187673568726
61	1.5339268445968628
61	1.6650547981262207
61	1.8750563859939575
61	1.870911717414856
61	2.3722264766693115
61	2.6672754287719727
61	2.8288516998291016
61	3.1411936283111572
61	3.1272542476654053
61	3.1247572898864746
61	1.3194336891174316
61	1.3386385440826416
62	1.433871865272522
62	1.6395114660263062
62	1.4644802808761597
62	1.49894380569458
62	1.844541072845459
62	2.287426233291626
62	2.4916956424713135
62	2.8386995792388916
62	2.212522268295288
62	2.64184308052063
62	2.619534969329834
62	2.647583246231079
62	1.2590535879135132
62	1.294058918952942
63	1.201478362083435
63	1.3738616704940796
63	1.043144941329956
63	0.9662360548973083
63	1.2023468017578125
63	1.5238666534423828
63	1.5895588397979736
63	1.8809078931808472
63	2.2292935848236084
63	0.9793591499328613
63	1.2598673105239868
64	0.7402472496032715
64	0.7286813259124756
64	0.6841325163841248
64	0.7258672714233398
64	0.637409508228302
64	0.6522369980812073
64	0.6755451560020447
64	0.6765920519828796
64	0.7660010457038879
64	0.7591553330421448
64	0.6484813690185547
64	0.7534368634223938
64	0.6582901477813721
64	0.6634314656257629
64	0.8081187009811401
64	0.6305856704711914
64	0.6145647168159485
64	0.6704699397087097
64	0.5866997241973877
64	0.7659474015235901
64	0.8404312133789063
64	0.8807403445243835
64	0.6990979313850403
64	0.9309689402580261
65	0.7102108001708984
65	0.8852759599685669
65	0.7349957823753357
65	0.8232684135437012
65	0.9138162732124329
65	1.4172463417053223
65	1.3152265548706055
65	1.4925153255462646
65	1.8550821542739868
65	0.6716955900192261
65	0.7284368276596069
66	0.6995440721511841
66	0.7775359153747559
66	0.7487024664878845
66	0.8256997466087341
66	0.8240940570831299
66	0.7329466342926025
66	0.8347787857055664
67	0.7110315561294556
67	0.756127119064331
67	0.7139096856117249
67	0.8162304759025574
67	0.7606796622276306
67	0.860382616519928
67	0.8322362899780273
67	1.2562371492385864
67	0.7345508337020874
67	1.2912390232086182
67	1.2484210729599
67	1.2859607934951782
67	0.6437940001487732
67	0.627403199672699
68	0.6820060014724731
68	0.7905063629150391
68	0.660187304019928
68	0.6754966378211975
68	0.7558549046516418
68	0.824940025806427
68	0.8022835850715637
68	0.8556768894195557
68	1.4163875579833984
68	1.4307868480682373
68	0.6378334164619446
68	0.6587422490119934
69	0.6754974722862244
69	0.7408159971237183
69	0.7097592353820801
69	0.7671690583229065
69	0.885696291923523
69	1.036394476890564
69	1.6730235815048218
69	2.186944007873535
69	2.165422201156616
69	2.2551982402801514
69	1.5903986692428589
69	2.164039373397827
69	2.101001501083374
69	2.0899884700775146
69	0.6178613901138306
69	0.6368407607078552
70	0.5762714743614197
70	0.6377450823783875
70	0.5300945043563843
70	0.5598866939544678
70	0.5442989468574524
70	0.5781595706939697
70	0.5951789021492004
70	0.5898995995521545
70	0.6785516738891602
70	0.6486431360244751
70	0.5107532739639282
70	0.5357570648193359
71	0.5224716663360596
71	0.5618153810501099
71	0.5370691418647766
71	0.5652263760566711
71	0.6099117994308472
71	1.1890437602996826
71	1.2150804996490479
71	1.2485581636428833
71	0.5460819602012634
71	0.5750317573547363
72	0.5720683336257935
72	0.6090574860572815
72	0.6062672734260559
72	0.6395758986473083
72	0.6970741152763367
72	1.2743892669677734
72	1.2556270360946655
72	1.265365481376648
72	0.5909174680709839
72	0.6265067458152771
73	0.5834445357322693
73	0.6073601245880127
73	0.596190333366394
73	0.6713176965713501
73	0.6879944801330566
73	1.0815012454986572
73	1.1532732248306274
73	1.141008734703064
73	1.753414273262024
73	1.4731618165969849
73	1.9941295385360718
73	1.47342050075531
73	0.5439499616622925
73	0.5772755146026611
74	0.5119295120239258
74	0.5341284871101379
74	0.5017027854919434
74	0.5320574045181274
74	0.5166483521461487
74	0.556715726852417
74	0.5735872983932495
74	0.5179648995399475
74	0.5279436707496643
74	0.5806880593299866
74	1.2118386030197144
74	1.1936832666397095
74	1.2042292356491089
74	0.5885571837425232
74	1.2136369943618774
74	1.2300143241882324
74	1.180641531944275
74	0.5071421265602112
74	0.5423205494880676
75	0.5147173404693604
75	0.5413352847099304
75	0.5322149395942688
75	0.5586106181144714
75	0.5766937136650085
75	0.6806126236915588
75	0.6746248006820679
75	0.6685383915901184
75	1.0199016332626343
75	1.047776222229004
75	0.9651886820793152
75	1.586909532546997
75	1.5423589944839478
75	1.577028751373291
75	1.9942413568496704
75	2.467489719390869
75	3.057422161102295
75	3.8909342288970947
75	2.9261691570281982
75	3.3154242038726807
75	4.030612468719482
75	3.424801826477051
75	0.5487070083618164
75	0.5823867321014404
76	0.5704075694084167
76	0.5972967147827148
76	0.6120366454124451
76	0.6549954414367676
76	0.7028768062591553
76	1.051384687423706
76	1.3161858320236206
76	1.4598462581634521
76	2.2467124462127686
76	1.9261654615402222
76	1.7650744915008545
76	2.271942615509033
76	2.301598072052002
76	0.6016440391540527
76	0.6484541296958923
77	0.5844599008560181
77	0.6015148758888245
77	0.6015150547027588
77	0.6645105481147766
77	0.6455145478248596
77	0.6766946911811829
77	0.7362000346183777
77	0.7812769412994385
77	0.784410834312439
77	1.3746535778045654
77	1.3046512603759766
77	1.2966059446334839
77	0.5795035362243652
77	0.6297503113746643
78	0.5468742847442627
78	0.5603840351104736
78	0.5465900897979736
78	0.5773711800575256
78	0.5563986301422119
78	0.5874015092849731
78	0.607383131980896
78	0.5672417283058167
78	0.660515308380127
78	0.8024726510047913
78	0.7271504998207092
78	0.8891198039054871
78	0.7332320213317871
78	0.855902910232544
78	0.6800345182418823
78	0.83414626121521
78	0.7649915218353271
78	0.962952733039856
78	0.5576529502868652
78	0.5966312885284424
79	0.5693802833557129
79	0.5904688835144043
79	0.6059662103652954
79	0.6292725205421448
79	0.6542508006095886
79	1.0355966091156006
79	1.1454120874404907
79	1.0260943174362183
79	1.795988917350769
79	1.5489002466201782
79	1.5528701543807983
79	2.196049213409424
79	2.0734469890594482
79	2.064030170440674
79	2.2823994159698486
79	2.9376840591430664
79	3.5455634593963623
79	4.305391311645508
79	3.4860997200012207
79	3.6848435401916504
79	4.359976768493652
79	3.771899461746216
79	0.641526997089386
79	0.6960504651069641
80	0.65874844789505
80	0.6677320003509521
80	0.7141294479370117
80	0.778805136680603
80	0.7855186462402344
80	1.1029331684112549
80	1.156822681427002
80	1.2129411697387695
80	1.9310795068740845
80	1.6434054374694824
80	2.1186914443969727
80	1.9031635522842407
80	0.7188231348991394
80	0.8310108780860901
81	0.6688810586929321
81	0.6725272536277771
81	0.6945057511329651
81	0.7665868401527405
81	0.7147512435913086
81	0.9164372086524963
81	0.9657666087150574
81	0.8860991597175598
81	1.4427443742752075
81	1.3222155570983887
81	1.850801944732666
81	1.835827112197876
81	1.8436532020568848
81	1.30251944065094
81	1.8176822662353516
81	1.8339264392852783
81	1.806107759475708
81	0.6984151005744934
81	0.8383066654205322
82	0.6538498401641846
82	0.7044139504432678
82	0.6664425730705261
82	0.7073488831520081
82	0.8049701452255249
82	0.879888117313385
82	0.8737502694129944
82	0.9906190037727356
82	1.5045021772384644
82	1.4427062273025513
82	1.491542100906372
82	1.9678057432174683
82	2.051111936569214
82	2.099052667617798
82	2.593812942504883
82	2.5513317584991455
82	2.657994031906128
82	3.042912006378174
82	3.0367610454559326
82	3.022797107696533
82	0.601560652256012
82	0.665604829788208
83	0.5560327172279358
83	0.6057001948356628
83	0.5214970111846924
83	0.5402594208717346
83	0.5295059680938721
83	0.5814558267593384
83	0.5651924014091492
83	0.529350757598877
83	0.5964361429214478
83	0.6831973195075989
83	0.6353372931480408
83	0.7506945133209229
83	0.6006305813789368
83	0.693088948726654
83	0.6870827674865723
83	0.5501899719238281
83	0.6155386567115784
83	0.5776887536048889
83	0.6535248160362244
83	0.5279736518859863
83	0.6087852716445923
84	0.5223215818405151
84	0.5632510781288147
84	0.522351086139679
84	0.565886378288269
84	0.6037493348121643
84	1.027952790260315
84	1.2125093936920166
84	1.1996101140975952
84	1.9287835359573364
84	1.8378523588180542
84	1.4868888854980469
84	2.1532576084136963
84	1.969969630241394
84	0.5009448528289795
84	0.6116107702255249
85	0.5190898180007935
85	0.6507254838943481
85	0.4919111728668213
85	0.5056164860725403
85	0.5524688959121704
85	0.8020622134208679
85	0.909339427947998
85	1.457536220550537
85	1.4761539697647095
85	1.501835823059082
85	0.9048983454704285
85	1.4885362386703491
85	1.422568440437317
85	1.521018624305725
85	0.4910915195941925
85	0.6011705994606018
86	0.47180289030075073
86	0.5098526477813721
86	0.49140283465385437
86	0.5440546274185181
86	0.5886107683181763
86	0.7020581960678101
86	0.7279781699180603
86	0.7406662702560425
86	1.225882649421692
86	1.2236273288726807
86	1.3741586208343506
86	1.9396475553512573
86	1.912074327468872
86	1.5356757640838623
86	1.5185878276824951
86	2.323913812637329
86	3.2551536560058594
86	3.940516710281372
86	3.3458030223846436
86	2.529588460922241
86	3.1816670894622803
86	2.30313777923584
86	0.4741877317428589
86	0.5676926374435425
87	0.5089624524116516
87	0.6409533619880676
87	0.4895486831665039
87	0.49391186237335205
87	0.5943986177444458
87	0.7416746020317078
87	0.6789121031761169
87	0.7347354888916016
87	0.9996802806854248
87	1.0025255680084229
87	1.1887744665145874
87	1.2184827327728271
87	0.48287782073020935
87	0.6075884699821472
88	0.46093156933784485
88	0.504116952419281
88	0.4853847920894623
88	0.5305622816085815
88	0.5664623975753784
88	0.6313974261283875
88	0.660533607006073
88	0.6930259466171265
88	0.8640481233596802
88	0.8469682931900024
88	0.8830670714378357
88	1.481547236442566
88	1.4415615797042847
88	1.2214070558547974
88	1.7686349153518677
88	1.8138126134872437
88	1.3054287433624268
88	1.660323143005371
88	1.6721638441085815
88	1.6859345436096191
88	0.48817285895347595
88	0.5719291567802429
89	0.5179141163825989
89	0.6102847456932068
89	0.5223199725151062
89	0.5293554663658142
89	0.6763717532157898
89	1.2013270854949951
89	0.9720322489738464
89	1.1868220567703247
89	1.8565157651901245
89	1.9345170259475708
89	2.4705095291137695
89	2.333148717880249
89	0.5246647596359253
89	0.6435713171958923
90	0.505829393863678
90	0.5639760494232178
90	0.5246005058288574
90	0.536234974861145
90	0.5754818320274353
90	0.6416441202163696
90	0.6567091345787048
90	0.5998450517654419
90	0.7420194149017334
90	0.8300954103469849
90	0.5654977560043335
90	0.7039251923561096
91	0.5521861910820007
91	0.5948695540428162
91	0.570120632648468
91	0.6147413849830627
91	0.5679436326026917
91	0.5966410040855408
91	0.639392077922821
91	0.6040664315223694
91	0.8586163520812988
91	0.7960342168807983
91	1.3743066787719727
91	1.3700796365737915
91	1.3854656219482422
91	0.8938012719154358
91	1.4716622829437256
91	1.4362586736679077
91	1.4464335441589355
91	0.5879735350608826
91	0.611504852771759
92	0.6256408095359802
92	0.6630072593688965
92	0.6607096791267395
92	0.6844563484191895
92	0.7333489656448364
92	0.7912987470626831
92	0.7512249946594238
92	0.7454507946968079
92	0.803030788898468
92	1.321595311164856
92	1.3423563241958618
92	1.310276746749878
92	0.6569790840148926
92	0.6568276882171631
93	0.6951977014541626
93	0.7352064251899719
93	0.711759626865387
93	0.7239280343055725
93	0.7900296449661255
93	0.8499635457992554
93	0.8660778999328613
93	0.8302090167999268
93	0.9417252540588379
93	0.9094288945198059
93	1.003472924232483
93	1.6488054990768433
93	1.4252241849899292
93	1.1647839546203613
93	1.7290012836456299
93	1.473961591720581
93	1.6060688495635986
93	2.0059502124786377
93	1.7576030492782593
93	2.3195672035217285
93	2.644172191619873
93	2.780212879180908
93	0.7019411325454712
93	0.73560631275177
94	0.7109788060188293
94	0.7496389150619507
94	0.7244113087654114
94	0.7747708559036255
94	0.8147506713867188
94	1.1288317441940308
94	1.0966618061065674
94	1.0749207735061646
94	1.6083617210388184
94	1.4868876934051514
94	1.6894139051437378
94	2.3228845596313477
94	2.360811710357666
94	0.6879619359970093
94	0.7230864763259888
95	0.660160481929779
95	0.6859534978866577
95	0.6358060836791992
95	0.6790093779563904
95	0.6466474533081055
95	0.6737733483314514
95	0.6981571316719055
95	0.7133079171180725
95	0.8112075328826904
95	0.7775048613548279
95	0.7655808925628662
95	1.3502907752990723
95	1.3789242506027222
95	0.6023638248443604
95	0.6290743350982666
96	0.589036762714386
96	0.6167972683906555
96	0.5808918476104736
96	0.5969898104667664
96	0.6039363741874695
96	0.6702239513397217
96	0.6857755184173584
96	1.2367322444915771
96	1.2669612169265747
96	1.275982141494751
96	0.6229764819145203
96	0.7249876260757446
96	0.7415521740913391
96	0.7486202120780945
96	1.315808892250061
96	1.3539382219314575
96	1.2861392498016357
96	0.596467912197113
96	0.6248903274536133
97	0.6188222169876099
97	0.6460109353065491
97	0.649381160736084
97	0.6819515228271484
97	0.7126795053482056
97	0.767630934715271
97	0.8091402053833008
97	1.3567744493484497
97	1.3236663341522217
97	1.346204161643982
97	0.8132879137992859
97	1.3503915071487427
97	1.3310449123382568
97	1.338122844696045
97	0.6530618071556091
97	0.6922920346260071
98	0.651618480682373
98	0.6651437282562256
98	0.6782037019729614
98	0.7286107540130615
98	0.7599837183952332
98	1.0328760147094727
98	1.1371002197265625
98	1.4237866401672363
98	2.0220320224761963
98	2.028534412384033
98	1.7066254615783691
98	2.223816394805908
98	2.2588601112365723
98	0.6497113704681396
98	0.6980146765708923
99	0.6218581199645996
99	0.6414098739624023
99	0.617026686668396
99	0.667743980884552
99	0.6334688663482666
99	0.7297931909561157
99	0.7187187075614929
99	0.6525619029998779
99	0.7751958966255188
99	0.8736104965209961
99	1.3920096158981323
99	1.421899676322937
99	1.4391649961471558
99	0.8237614035606384
99	1.3837535381317139
99	1.387269139289856
99	1.3627099990844727
99	0.6079627871513367
99	0.6496246457099915
100	0.6053329110145569
100	0.6282753348350525
100	0.6281439065933228
100	0.6560371518135071
100	0.6663755774497986
100	0.715603232383728
100	0.7268957495689392
100	0.6880418062210083
100	0.733151376247406
100	0.8081474304199219
100	0.7862630486488342
100	1.047637701034546
100	1.6135103702545166
100	1.5852642059326172
100	1.603646159172058
100	0.6548461318016052
100	0.6960326433181763
101	0.6848756670951843
101	0.69980388879776
101	0.7506471276283264
101	0.8056451082229614
101	0.8269737362861633
101	1.1894901990890503
101	1.125867247581482
101	1.1172655820846558
101	1.6035832166671753
101	1.8180427551269531
101	1.5474562644958496
101	1.8592064380645752
101	2.011232614517212
101	2.4139742851257324
101	2.574747323989868
101	3.453148603439331
101	3.7801122665405273
101	4.635933876037598
101	3.353757381439209
101	4.4600372314453125
101	5.267766952514648
101	4.502129077911377
101	0.7527081966400146
101	0.8180546760559082
102	0.7269367575645447
102	0.7267533540725708
102	0.7652918100357056
102	0.8408250212669373
102	0.845504105091095
102	1.0556252002716064
102	1.2030858993530273
102	1.2823693752288818
102	1.98430597782135
102	1.743102788925171
102	0.7300510406494141
102	0.7957600951194763
103	0.6932744383811951
103	0.7022531628608704
103	0.7269237637519836
103	0.7905591726303101
103	0.807673990726471
103	0.9360084533691406
103	0.9846065044403076
103	1.496422290802002
103	1.4468165636062622
103	1.5090880393981934
103	1.0070443153381348
103	1.5045087337493896
103	1.5507570505142212
103	1.4739172458648682
103	0.7398496866226196
103	0.8215035200119019
104	0.7412874698638916
104	0.7459810376167297
104	0.8115126490592957
104	0.8911616802215576
104	0.8712690472602844
104	1.1177616119384766
104	1.1680341958999634
104	1.0082722902297974
104	1.0981215238571167
104	0.8528390526771545
104	0.950019121170044
105	0.8745061159133911
105	0.8901713490486145
105	0.9757148623466492
105	1.0744904279708862
105	1.0944528579711914
105	1.5574299097061157
105	1.5311295986175537
105	1.3164079189300537
105	1.8043417930603027
105	1.8361045122146606
105	1.9592581987380981
105	2.4981918334960938
105	2.44559645652771
105	2.5452964305877686
105	2.9455268383026123
105	2.9493653774261475
105	3.143339157104492
105	3.4756500720977783
105	3.5183653831481934
105	3.4717295169830322
105	0.9787831902503967
105	1.121991753578186
106	0.9309560656547546
106	0.9420249462127686
106	0.9744606614112854
106	1.0734704732894897
106	1.0416067838668823
106	1.5011959075927734
106	1.4653681516647339
106	1.3372727632522583
106	1.9723975658416748
106	1.9294620752334595
106	1.635752558708191
106	2.18924880027771
106	2.180135726928711
106	0.9288125038146973
106	0.9155759811401367
107	0.9863911867141724
107	1.0892924070358276
107	0.9597799777984619
107	0.9677951335906982
107	1.1014372110366821
107	1.2172554731369019
107	1.181672215461731
107	1.1279141902923584
107	1.595054030418396
107	1.5998293161392212
107	0.8757191896438599
107	0.9404520392417908
108	0.8249250650405884
108	0.8920590877532959
108	0.7717770934104919
108	0.7906888723373413
108	0.7927485704421997
108	0.8611971139907837
108	0.8628126978874207
108	0.7945069670677185
108	0.8348842263221741
108	0.7890843152999878
108	0.8661156296730042
108	0.9477433562278748
108	0.948013424873352
108	0.9014440774917603
108	1.0306936502456665
108	0.7743644118309021
108	0.7985035181045532
109	0.8231027126312256
109	0.8724366426467896
109	0.8765029907226563
109	0.9308748841285706
109	0.9916387796401978
109	1.023467779159546
109	1.0853784084320068
109	1.0716911554336548
109	1.0523332357406616
109	0.8540123105049133
109	0.9358219504356384
110	0.8230574131011963
110	0.8464623093605042
110	0.8342119455337524
110	0.8961834907531738
110	0.974543571472168
110	1.164229154586792
110	1.1899532079696655
110	1.4000378847122192
110	1.8449783325195313
110	1.8622006177902222
110	1.9500072002410889
110	2.2986583709716797
110	2.414592742919922
110	2.5970425605773926
110	3.043177366256714
110	2.972541570663452
110	3.1715149879455566
110	3.532406806945801
110	3.49029541015625
110	3.5324740409851074
110	0.7530813813209534
110	0.7942763566970825
111	0.7274942994117737
111	0.7974950075149536
111	0.6805218458175659
111	0.709403395652771
111	0.6824353933334351
111	0.7343711256980896
111	0.7251147627830505
111	0.7704496383666992
111	0.8950867056846619
111	0.8938692212104797
111	0.8660445809364319
111	0.9832797050476074
111	0.9393566846847534
111	1.0391337871551514
111	1.1731665134429932
111	1.2735005617141724
111	1.4516444206237793
111	1.7244954109191895
111	1.3587075471878052
111	1.5316967964172363
111	1.7926470041275024
111	1.5621099472045898
111	0.6622297167778015
111	0.7306987643241882
112	0.6480289697647095
112	0.6924800276756287
112	0.6612246036529541
112	0.7304415106773376
112	0.719271183013916
112	0.9570354223251343
112	1.0146690607070923
112	1.271765947341919
112	1.5733057260513306
112	0.6171125769615173
112	0.662490725517273
113	0.5976058840751648
113	0.6524754166603088
113	0.559045135974884
113	0.5889055132865906
113	0.600803554058075
113	0.6432127356529236
113	0.6859934329986572
113	0.6744020581245422
113	0.9120887517929077
113	0.5375643968582153
113	0.6254177093505859
114	0.5049341917037964
114	0.5487138628959656
114	0.479455828666687
114	0.49327942728996277
114	0.5329901576042175
114	0.6099904179573059
114	0.605696439743042
114	0.5269268155097961
114	0.5973495841026306
114	0.7104479074478149
114	0.6623035669326782
114	0.81269770860672
114	0.6580103039741516
114	0.7753065228462219
114	0.6066200733184814
114	0.7322431206703186
114	0.6615303754806519
114	0.8073882460594177
114	0.45569929480552673
114	0.5050245523452759
115	0.4521791636943817
115	0.5024890899658203
115	0.44407108426094055
115	0.47185248136520386
115	0.4936485290527344
115	0.5556959509849548
115	0.6036635041236877
115	1.2254103422164917
115	1.2297534942626953
115	1.2218074798583984
115	0.5774205327033997
115	1.196980595588684
115	1.2178431749343872
115	1.2092026472091675
115	0.4257771372795105
115	0.47858864068984985
116	0.4274488687515259
116	0.4727948307991028
116	0.42555922269821167
116	0.46418559551239014
116	0.5447351336479187
116	0.6613271832466125
116	0.642734944820404
116	0.698051393032074
116	1.5151020288467407
116	0.4202673137187958
116	0.5032047629356384
117	0.4157100319862366
117	0.4613713026046753
117	0.41000261902809143
117	0.4230135977268219
117	0.46689140796661377
117	0.5234269499778748
117	0.5386717915534973
117	1.1855857372283936
117	1.1786795854568481
117	1.1877816915512085
117	0.5382646918296814
117	1.186092734336853
117	1.1800949573516846
117	1.1839512586593628
117	0.41514062881469727
117	0.49438193440437317
118	0.40807873010635376
118	0.45295509696006775
118	0.4085932672023773
118	0.4383982717990875
118	0.512184739112854
118	1.1576728820800781
118	1.1084007024765015
118	1.143256425857544
118	1.9892858266830444
118	2.0561683177948
118	2.5943210124969482
118	2.6197214126586914
118	2.5535571575164795
118	1.3769866228103638
118	1.847553014755249
118	1.9233973026275635
118	1.813920021057129
118	0.39515092968940735
118	0.49326759576797485
119	0.3863169252872467
119	0.43298980593681335
119	0.4061252772808075
119	0.45021283626556396
119	0.46804389357566833
119	0.543023407459259
119	0.5946643352508545
119	0.5322754979133606
119	1.089046597480774
119	0.931265115737915
119	1.5109479427337646
119	1.5311503410339355
119	1.5452572107315063
119	0.9958829879760742
119	1.5944623947143555
119	1.536302089691162
119	1.6247820854187012
119	0.4197845757007599
119	0.46395576000213623
120	0.46467462182044983
120	0.5251295566558838
120	0.5063653588294983
120	0.5314494371414185
120	0.5778181552886963
120	0.6271434426307678
120	0.6487306356430054
120	0.650748610496521
120	0.6923381686210632
120	0.538171112537384
120	0.6435713171958923
121	0.6925024390220642
121	0.8663327097892761
121	0.7020634412765503
121	0.7636560201644897
121	0.829995334148407
121	1.2013777494430542
121	1.182191252708435
121	1.719377875328064
121	2.2372491359710693
121	1.133363962173462
121	2.1243600845336914
121	2.709336280822754
121	2.2539801597595215
121	1.8644977807998657
121	2.5112197399139404
121	0.6655547022819519
121	0.7239329814910889
122	0.7066872715950012
122	0.7972508072853088
122	0.750533401966095
122	0.8284835815429688
122	0.821208119392395
122	0.8126580119132996
122	0.9650830626487732
123	0.9255074858665466
123	1.042611002922058
123	1.0635002851486206
123	1.0535218715667725
123	1.3125789165496826
123	1.6788134574890137
123	1.816231608390808
123	1.6765815019607544
123	2.2381646633148193
123	2.186716079711914
123	1.8897770643234253
123	2.387113571166992
123	2.313235282897949
123	1.2404793500900269
123	1.512402892112732
124	1.3297536373138428
124	1.3864493370056152
124	1.5814194679260254
124	1.9176406860351563
124	1.9861831665039063
124	2.1711623668670654
124	2.061131000518799
124	2.620156764984131
124	2.8464343547821045
124	2.9158802032470703
124	3.2164435386657715
124	3.7349915504455566
124	3.653275966644287
124	1.4520258903503418
124	1.5681440830230713
125	1.590035319328308
125	1.8232618570327759
125	1.7256704568862915
125	1.851322054862976
125	2.052971839904785
125	1.4888238906860352
125	1.8026307821273804
126	1.1087933778762817
126	1.1109992265701294
126	0.9462893009185791
126	1.0738171339035034
126	0.9612273573875427
126	1.61493980884552
126	1.4140355587005615
126	2.0111236572265625
126	1.9314512014389038
126	1.9116153717041016
126	1.5015236139297485
126	2.1146485805511475
126	2.153599739074707
126	1.8501218557357788
126	2.24375057220459
126	2.2791950702667236
126	2.291062593460083
126	0.8804499506950378
126	1.0313981771469116
127	0.8691540956497192
127	1.0324959754943848
127	0.8041091561317444
127	0.8219067454338074
127	0.8929957747459412
127	1.1607856750488281
127	1.5308891534805298
127	2.0191004276275635
127	2.1101174354553223
127	2.0968849658966064
127	1.7105686664581299
127	2.444270610809326
127	2.1794276237487793
127	2.0449843406677246
127	2.4528005123138428
127	2.44604229927063
127	2.4386355876922607
127	0.7367718815803528
127	0.7902741432189941
128	0.6989507079124451
128	0.7308921813964844
128	0.6662963628768921
128	0.6965283751487732
128	0.6802796721458435
128	0.7222800850868225
128	0.7582195401191711
128	0.7361002564430237
128	1.4350723028182983
128	2.2621564865112305
128	1.530231237411499
128	2.3566911220550537
128	1.0525139570236206
128	1.2215551137924194
128	1.4383268356323242
128	2.2607765197753906
128	1.5377885103225708
128	2.3691701889038086
128	0.6597453951835632
128	0.7425422668457031
129	0.6309381127357483
129	0.6503559350967407
129	0.6413118839263916
129	0.6850709915161133
129	0.7001460194587708
129	0.654342770576477
129	0.7486473321914673
130	0.6423863172531128
130	0.6533718109130859
130	0.6636711955070496
130	0.6899350881576538
130	0.6737280488014221
130	0.7197121381759644
130	0.7085261344909668
130	0.8370908498764038
130	0.6995908617973328
130	1.2113103866577148
130	1.3126356601715088
130	1.2442103624343872
130	0.704969048500061
130	0.7828487753868103
131	0.724465012550354
131	0.7631744742393494
131	0.7628878355026245
131	0.801439642906189
131	0.8273801803588867
131	0.8970760703086853
131	0.8838256597518921
131	0.8320344090461731
131	0.796114981174469
131	0.9635612368583679
131	1.0014148950576782
131	1.068724513053894
131	0.7757214307785034
131	0.9107273817062378
132	0.7690032124519348
132	0.8235591650009155
132	0.8236185312271118
132	0.9544715881347656
132	0.9400246143341064
132	0.7251921892166138
132	0.6963217258453369
133	0.7628676891326904
133	0.8731080889701843
133	0.9610517621040344
133	0.9549597501754761
133	0.7480205297470093
133	0.7800634503364563
133	0.845998227596283
133	0.9971069693565369
133	0.962880551815033
133	0.9343680143356323
133	1.0742077827453613
133	1.129845142364502
133	0.70733243227005
133	0.7608211636543274
134	0.6829246282577515
134	0.7201712727546692
134	0.6742914915084839
134	0.741690993309021
134	0.7345624566078186
134	1.3395235538482666
134	1.3593335151672363
134	1.9466596841812134
134	1.914733648300171
134	1.9169865846633911
134	1.3706451654434204
134	1.927829623222351
134	1.9232591390609741
134	1.9626774787902832
134	0.6851150393486023
134	0.7562339901924133
135	0.7325025200843811
135	0.802434504032135
135	0.7692019939422607
135	0.8158612847328186
135	0.8684565424919128
135	0.9571079015731812
135	0.9168199896812439
135	0.9785135388374329
135	1.0592814683914185
135	1.1596556901931763
135	0.7457101345062256
135	0.764494776725769
136	0.7762989401817322
136	0.8432947397232056
136	0.7839962840080261
136	0.8107619881629944
136	0.8692370653152466
136	1.2476404905319214
136	1.2695798873901367
136	1.321359395980835
136	2.0718367099761963
136	1.6904997825622559
136	2.1635420322418213
136	2.16798734664917
136	2.139165163040161
136	1.8852870464324951
136	2.337311029434204
136	2.331855058670044
136	2.4107868671417236
136	0.7790752053260803
136	0.7896198034286499
137	0.823249340057373
137	0.8687641620635986
137	0.8524050116539001
137	0.8784420490264893
137	0.9534199237823486
137	0.9688552021980286
137	1.0351121425628662
137	1.0511906147003174
137	1.1251966953277588
137	1.0716962814331055
137	1.1992579698562622
137	1.2774312496185303
137	1.3224732875823975
137	1.2709330320358276
137	1.2914470434188843
137	1.4132729768753052
137	1.3396652936935425
137	1.6866053342819214
137	1.6856868267059326
137	1.6742991209030151
137	0.8255578875541687
137	0.8466625809669495
138	0.8348092436790466
138	0.8791048526763916
138	0.8626061677932739
138	0.9230812191963196
138	0.9753818511962891
138	1.439730167388916
138	1.5385637283325195
138	1.3386502265930176
138	1.9600552320480347
138	1.996156930923462
138	1.7713072299957275
138	2.251349449157715
138	2.280808925628662
138	2.1814708709716797
138	2.4648334980010986
138	2.643372058868408
138	2.7671713829040527
138	3.14591121673584
138	3.1263926029205322
138	3.1463918685913086
138	0.8172986507415771
138	0.873031497001648
139	0.778241753578186
139	0.7883995175361633
139	0.7783893346786499
139	0.8369079828262329
139	0.7927130460739136
139	0.8395283222198486
139	0.8661047220230103
139	1.41340970993042
139	1.383283257484436
139	1.3219038248062134
139	0.8609296083450317
139	1.449162244796753
139	1.3380541801452637
139	1.4281927347183228
139	2.00594425201416
139	1.9733941555023193
139	1.9832334518432617
139	0.7768911123275757
139	0.8366332054138184
140	0.7670858502388
140	0.7812479138374329
140	0.8080517649650574
140	0.8641195297241211
140	0.8593867421150208
140	1.0418872833251953
140	0.9923185110092163
140	1.1500670909881592
140	1.09427809715271
140	1.5702240467071533
140	1.6079169511795044
140	1.5761715173721313
140	0.8154779672622681
140	0.8778156638145447
141	0.8025918006896973
141	0.8114438056945801
141	0.8306772708892822
141	0.8991586565971375
141	0.9343573451042175
141	1.2877907752990723
141	1.3579885959625244
141	1.4642541408538818
141	2.2234127521514893
141	2.0287857055664063
141	2.589871644973755
141	2.2964203357696533
141	0.8013071417808533
141	0.8869884610176086
142	0.7657675743103027
142	0.785801112651825
142	0.7809520363807678
142	0.8403411507606506
142	0.7980479598045349
142	0.8195328712463379
142	0.8828557729721069
142	0.8144575357437134
142	1.53629732131958
142	2.340747833251953
142	1.599568486213684
142	2.4079413414001465
142	1.0472800731658936
142	1.2019439935684204
142	1.348648190498352
142	2.1228718757629395
142	1.436254858970642
142	2.223712921142578
142	0.7957650423049927
142	0.8954373002052307
143	0.7848806381225586
143	0.8014028072357178
143	0.8416493535041809
143	0.8315182328224182
143	0.9023492932319641
143	1.0281236171722412
143	1.022624135017395
143	0.8094683289527893
143	1.2923681735992432
143	2.0397424697875977
143	1.2798572778701782
143	1.9745206832885742
143	0.9469719529151917
143	1.0999325513839722
143	1.3865875005722046
143	2.0986077785491943
143	1.4854954481124878
143	2.26151442527771
143	0.9840527176856995
143	1.103756070137024
144	1.067111849784851
144	1.0645825862884521
144	1.2787903547286987
144	1.432451844215393
144	1.359362006187439
144	1.6915278434753418
144	1.4345701932907104
144	1.4908804893493652
144	1.5606123208999634
144	1.8009746074676514
144	1.6567312479019165
144	1.701183795928955
144	1.7493054866790771
144	1.867658019065857
144	1.9104106426239014
144	2.1330127716064453
144	2.2524311542510986
144	2.514594316482544
144	2.168177604675293
144	2.4037232398986816
144	2.6497788429260254
144	2.422569513320923
144	1.424201250076294
144	1.4366437196731567
145	1.6752471923828125
145	1.7735801935195923
145	1.9063667058944702
145	2.161180257797241
145	1.9106637239456177
145	2.0119214057922363
145	2.2168948650360107
146	2.0184943675994873
146	1.942366600036621
146	2.2885541915893555
146	2.472538709640503
146	2.541185140609741
146	2.8017303943634033
146	2.6886608600616455
146	2.4074831008911133
146	2.626986026763916
146	2.57560133934021
146	2.2437331676483154
146	2.559488296508789
147	1.99154531955719
147	1.8748496770858765
147	2.0613064765930176
147	2.3518271446228027
147	2.07377028465271
147	1.8494510650634766
147	2.2475850582122803
147	2.3301162719726563
147	2.598407030105591
147	2.4338130950927734
147	2.7978386878967285
147	3.053309917449951
147	3.1714189052581787
147	3.0075690746307373
147	3.1401009559631348
147	3.3697919845581055
147	3.90077543258667
147	4.410356521606445
147	3.9564621448516846
147	3.5634236335754395
147	3.938896656036377
147	3.550616979598999
147	1.8993209600448608
147	2.5496041774749756
148	1.4897797107696533
148	1.7099149227142334
148	1.4443351030349731
148	1.7158141136169434
148	1.506945252418518
148	1.7673412561416626
148	1.7172843217849731
148	2.1752827167510986
148	2.5779078006744385
148	1.298213243484497
148	1.3174422979354858
149	1.3103218078613281
149	1.4576497077941895
149	1.281589388847351
149	1.3769558668136597
149	1.5150470733642578
149	1.8909004926681519
149	1.620633840560913
149	2.2514452934265137
149	2.7650294303894043
149	2.6254971027374268
149	2.7064805030822754
149	3.0086324214935303
149	2.974036931991577
149	3.075422763824463
149	3.1889145374298096
149	3.6566755771636963
149	4.0214362144470215
149	4.5814385414123535
149	3.921020984649658
149	4.205552101135254
149	4.714598178863525
149	4.255924701690674
149	1.0941299200057983
149	1.1673705577850342
150	1.035776138305664
150	1.1718056201934814
150	0.9819146990776062
150	1.0562669038772583
150	1.1991010904312134
150	1.6515437364578247
150	1.557177186012268
150	1.291661262512207
150	1.5119938850402832
150	0.8814786076545715
150	0.9251397848129272
151	0.8821954131126404
151	0.9812871813774109
151	0.8979158997535706
151	0.9442757368087769
151	1.0672277212142944
151	1.4027379751205444
151	1.4009466171264648
151	1.172995686531067
151	1.737565279006958
151	1.670003890991211
151	2.175544023513794
151	2.1463444232940674
151	2.1497981548309326
151	1.5262210369110107
151	1.966941475868225
151	2.0287837982177734
151	2.0181586742401123
151	0.8641789555549622
151	0.934668779373169
152	0.8822759985923767
152	0.9737608432769775
152	0.9142714142799377
152	0.9622107148170471
152	1.1022005081176758
152	1.723799705505371
152	1.5975788831710815
152	1.985727310180664
152	1.6594873666763306
152	2.220262289047241
152	2.1340484619140625
152	2.2027063369750977
152	0.8650197982788086
152	0.9612471461296082
153	0.8454189896583557
153	0.906978189945221
153	0.8642448782920837
153	0.9585612416267395
153	0.9384259581565857
153	0.7900091409683228
153	0.897922694683075
154	0.7294155955314636
154	0.7987266778945923
154	0.6969825625419617
154	0.7505563497543335
154	0.7303181886672974
154	0.7595308423042297
154	0.7843310236930847
154	0.7942407727241516
154	0.9455395936965942
154	0.9951882362365723
154	0.8293838500976563
154	1.000671148300171
154	0.9618987441062927
154	1.010286569595337
154	1.3951717615127563
154	1.3187352418899536
154	0.8933135867118835
154	1.3787428140640259
154	1.32425856590271
154	1.3369005918502808
154	0.6481122374534607
154	0.6925642490386963
155	0.620359480381012
155	0.664827823638916
155	0.7556940913200378
155	0.7453819513320923
155	0.6054823994636536
155	0.6858972907066345
155	0.710675060749054
155	1.1026430130004883
155	1.0324300527572632
155	0.7366892099380493
155	1.044316053390503
155	1.139189600944519
155	0.5219694375991821
155	0.5684208273887634
156	0.5064089894294739
156	0.5721259713172913
156	0.49498382210731506
156	0.5091785192489624
156	0.5892353057861328
156	0.6795861124992371
156	0.7051710486412048
156	0.6366285085678101
156	0.8600637912750244
156	0.8350683450698853
156	0.7405577898025513
156	1.3145368099212646
156	1.536826252937317
156	1.0858019590377808
156	1.909315586090088
156	1.676061749458313
156	0.9172337651252747
156	1.3570071458816528
156	1.3303395509719849
156	1.3543519973754883
156	0.47360607981681824
156	0.5407113432884216
157	0.4532287120819092
157	0.4862701892852783
157	0.45171576738357544
157	0.48498961329460144
157	0.5055005550384521
157	0.5600058436393738
157	0.5873443484306335
157	0.5684765577316284
157	0.8059192895889282
157	0.770782470703125
157	1.348191738128662
157	1.3742284774780273
157	1.3406332731246948
157	0.798926055431366
157	1.3616734743118286
157	1.3929181098937988
157	1.3799666166305542
157	0.43994665145874023
157	0.5112836360931396
158	0.4301580488681793
158	0.4720054864883423
158	0.4313714802265167
158	0.4369598925113678
158	0.4906545877456665
158	0.5976241827011108
158	0.6298238039016724
158	0.5421868562698364
158	1.3160206079483032
158	2.174954652786255
158	1.4172297716140747
158	2.2666425704956055
158	0.9722034335136414
158	1.1898298263549805
158	1.394893765449524
158	2.242753505706787
158	1.5233862400054932
158	2.3997323513031006
158	0.4501029849052429
158	0.539017379283905
159	0.4490153193473816
159	0.48511889576911926
159	0.4652949869632721
159	0.49517878890037537
159	0.5299818515777588
159	0.5723571181297302
159	0.6440421938896179
159	1.218742847442627
159	1.2600849866867065
159	1.256882667541504
159	0.6502009630203247
159	1.3235161304473877
159	1.3225460052490234
159	1.1346017122268677
159	1.7253583669662476
159	1.7570326328277588
159	1.7537442445755005
159	0.4690329134464264
159	0.5208554863929749
160	0.49181103706359863
160	0.5189062356948853
160	0.5331740379333496
160	0.5539849996566772
160	0.6043242812156677
160	0.6596829295158386
160	0.7516501545906067
160	1.324125051498413
160	1.304601788520813
160	1.3020060062408447
160	0.6673040986061096
160	1.4198704957962036
160	1.3177012205123901
160	1.2806729078292847
160	1.8912336826324463
160	1.9038039445877075
160	1.8904837369918823
160	0.5936743021011353
160	0.6967018246650696
161	0.6270808577537537
161	0.6403840184211731
161	0.6893686056137085
161	0.653622567653656
161	0.8345306515693665
161	1.3343898057937622
161	1.1080756187438965
161	0.8216487169265747
161	1.2698214054107666
161	0.9262415170669556
161	0.8719077706336975
161	1.0759702920913696
161	0.9876208901405334
161	1.1779574155807495
161	1.0475449562072754
161	0.7670271992683411
161	0.9311503767967224
162	0.7686700224876404
162	0.7973526120185852
162	0.8515437245368958
162	0.9654375910758972
162	0.9769348502159119
162	1.4508178234100342
162	1.4347193241119385
162	1.478582739830017
162	0.7971484661102295
162	0.7793542146682739
163	0.860196590423584
163	0.976936936378479
163	0.8403708934783936
163	0.7657161355018616
163	0.9450652003288269
163	1.0501898527145386
163	1.0188195705413818
163	0.9564993977546692
163	1.3909016847610474
163	0.9187649488449097
163	1.0686532258987427
164	0.8909056186676025
164	0.8443929553031921
164	0.98443603515625
164	1.0701408386230469
164	0.8959715366363525
164	0.9134982824325562
164	0.9823623299598694
164	0.7947149872779846
164	0.7995774149894714
164	0.8930122256278992
164	0.8038170337677002
164	0.8458160161972046
164	0.9559893608093262
164	0.8188753128051758
164	1.0566521883010864
164	1.2654296159744263
164	2.0419745445251465
164	2.668968677520752
164	2.0722274780273438
164	1.36013925075531
164	1.9220436811447144
164	1.0836888551712036
164	1.1168689727783203
164	1.3287513256072998
165	1.097947120666504
165	1.0992590188980103
165	1.2023402452468872
165	1.2322752475738525
165	1.3461664915084839
165	1.1760096549987793
165	1.1689034700393677
166	1.2541555166244507
166	1.3502774238586426
166	1.286757469177246
166	1.3099030256271362
166	1.483140230178833
166	1.9030965566635132
166	1.849323034286499
166	2.2008509635925293
166	2.026257276535034
166	2.478928804397583
166	2.518932819366455
166	2.470165491104126
166	1.219903826713562
166	1.281700849533081
167	1.1948906183242798
167	1.2569568157196045
167	1.1736907958984375
167	1.2525193691253662
167	1.3489404916763306
167	1.6433708667755127
167	1.6502673625946045
167	1.9180318117141724
167	2.476351499557495
167	2.4476981163024902
167	2.2073686122894287
167	2.7215826511383057
167	2.639237880706787
167	0.9996166825294495
167	1.002170205116272
168	0.9735410213470459
168	1.1009966135025024
168	0.8767949342727661
168	0.8606515526771545
168	0.8987835049629211
168	1.1276121139526367
168	1.0630524158477783
168	0.8196207880973816
168	1.0630826950073242
168	1.107958436012268
168	1.6283085346221924
168	1.6370526552200317
168	1.576338529586792
168	1.013063907623291
168	1.5220210552215576
168	1.5001393556594849
168	1.5575456619262695
168	0.8876784443855286
168	1.0043601989746094
169	0.8802244663238525
169	0.9241348505020142
169	0.9131309986114502
169	0.9399559497833252
169	1.0673102140426636
169	1.2291289567947388
169	1.1078370809555054
169	1.2413915395736694
169	1.8242286443710327
169	1.640254259109497
169	0.8399738073348999
169	0.8105933666229248
170	0.8917543888092041
170	0.9977050423622131
170	0.8879627585411072
170	0.8767989873886108
170	1.0062835216522217
170	1.4295223951339722
170	1.4750478267669678
170	1.2298208475112915
170	1.8883540630340576
170	0.9484175443649292
170	1.153573989868164
171	0.9823786020278931
171	1.0714482069015503
171	1.1149766445159912
171	1.3040789365768433
171	1.2531440258026123
171	1.1228381395339966
171	1.2438327074050903
172	1.2742013931274414
172	1.4305248260498047
172	1.4200032949447632
172	1.5243514776229858
172	1.7247036695480347
172	2.029841899871826
172	2.108262062072754
172	2.476752281188965
172	2.5228209495544434
172	2.53587007522583
172	2.2204878330230713
172	2.4503514766693115
172	2.6895856857299805
172	2.909791946411133
172	3.320760726928711
172	3.3466296195983887
172	3.303891897201538
172	1.3974599838256836
172	1.4533823728561401
173	1.5192121267318726
173	1.6535124778747559
173	1.635735273361206
173	1.6153478622436523
173	1.9306801557540894
173	2.1575794219970703
173	2.188960552215576
173	2.1368064880371094
173	2.370717763900757
173	2.3125088214874268
173	2.4868698120117188
173	2.887317657470703
173	2.901482582092285
173	1.6933562755584717
173	1.8339630365371704
174	1.7240711450576782
174	1.7297691106796265
174	1.8843979835510254
174	2.0707461833953857
174	2.177333116531372
174	2.4080004692077637
174	2.485107183456421
174	2.7610666751861572
174	2.715545892715454
174	3.1221060752868652
174	3.1032259464263916
174	3.0828564167022705
174	1.7174876928329468
174	1.962161898612976
185	1.5576814413070679
185	1.6817234754562378
185	1.5199635028839111
185	1.6595269441604614
185	1.6569592952728271
185	2.063292980194092
185	1.9444113969802856
185	2.6305043697357178
185	3.084939956665039
185	1.8721543550491333
185	3.1445140838623047
185	3.9601187705993652
185	2.915128231048584
185	2.2685554027557373
185	2.6207332611083984
185	1.4402310848236084
185	1.4718995094299316
186	1.5265944004058838
186	1.696574330329895
186	1.5233025550842285
186	1.557633399963379
186	1.8019449710845947
186	2.140751361846924
186	2.1081125736236572
186	2.153292417526245
186	2.5238142013549805
186	2.6092617511749268
186	2.598776340484619
186	2.914226531982422
186	2.917126178741455
186	3.2276439666748047
186	3.597722053527832
186	3.5061559677124023
186	3.86179256439209
186	4.163669109344482
186	4.195775985717773
186	4.206023216247559
186	1.3761287927627563
186	1.4325426816940308
187	1.3174399137496948
187	1.4220818281173706
187	1.2304327487945557
187	1.270019292831421
187	1.3161211013793945
187	1.5438898801803589
187	1.6918056011199951
187	2.1140599250793457
187	2.125771999359131
187	2.106330156326294
187	1.544951319694519
187	2.0385818481445313
187	1.8915401697158813
187	2.0941073894500732
187	2.556553363800049
187	2.5317161083221436
187	2.5623466968536377
187	1.2290278673171997
187	1.3294953107833862
188	1.262520432472229
188	1.3869524002075195
188	1.4073737859725952
188	1.5040996074676514
188	1.3343960046768188
188	1.5001312494277954
188	1.5623624324798584
188	1.8542710542678833
188	1.7074285745620728
188	1.5701900720596313
188	1.743333339691162
188	1.7131952047348022
188	1.255152702331543
188	1.383419394493103
189	1.4146568775177002
189	1.6722315549850464
189	1.5322962999343872
189	1.6666547060012817
189	2.038358211517334
189	2.3831827640533447
189	2.759324550628662
189	3.2713708877563477
189	3.1308157444000244
189	3.1925346851348877
189	2.53448486328125
189	2.9287197589874268
189	2.9628758430480957
189	2.959768533706665
189	1.346469521522522
189	1.7019784450531006
190	1.2702182531356812
190	1.64240562915802
190	1.105772852897644
190	1.1970032453536987
190	1.2198286056518555
190	1.4909230470657349
190	1.402531385421753
190	1.6960458755493164
190	2.1980087757110596
190	2.285989284515381
190	1.840812087059021
190	2.328641414642334
190	2.3178067207336426
190	1.0345364809036255
190	1.3263977766036987
191	0.9916701316833496
191	1.173641324043274
191	1.0321155786514282
191	1.168670415878296
191	1.3812886476516724
191	1.8335363864898682
191	1.8388241529464722
191	1.7680320739746094
191	0.8341123461723328
191	0.9176769256591797
192	0.7179406881332397
192	0.7969051599502563
192	0.6544488072395325
192	0.687734842300415
192	0.7806531190872192
192	0.9168033003807068
192	0.9292217493057251
192	0.8258898258209229
192	1.310934066772461
192	1.4041295051574707
192	0.5976241230964661
192	0.7019510269165039
193	0.5540397763252258
193	0.6555896997451782
193	0.5239947438240051
193	0.5329042673110962
193	0.5897697806358337
193	0.7544950246810913
193	0.7416868805885315
193	0.6191738843917847
193	0.834905743598938
193	0.9985980987548828
193	1.051870584487915
193	1.3152642250061035
193	1.1004794836044312
193	1.3497536182403564
193	0.7917658686637878
193	0.936739444732666
193	1.0208606719970703
193	1.2729288339614868
193	0.5097697377204895
193	0.5810070037841797
194	0.5010053515434265
194	0.5507953763008118
194	0.4918842613697052
194	0.537038266658783
194	0.5313808917999268
194	0.6477831602096558
194	0.599866509437561
194	0.5669329166412354
194	0.8683330416679382
194	0.8095117211341858
194	1.4012712240219116
194	1.4280943870544434
194	1.3607622385025024
194	0.8819647431373596
194	1.4426723718643188
194	1.4542583227157593
194	1.4685965776443481
194	0.47503143548965454
194	0.5202004313468933
195	0.47395217418670654
195	0.5181640982627869
195	0.466811865568161
195	0.48256605863571167
195	0.5473316311836243
195	0.6888867616653442
195	0.6284664869308472
195	0.6510597467422485
195	1.0967656373977661
195	1.4655072689056396
195	1.3170816898345947
195	1.779795527458191
195	1.1627554893493652
195	1.48634672164917
195	1.1267403364181519
195	0.8931867480278015
195	1.232265830039978
195	1.0906703472137451
195	1.4489191770553589
195	0.45365116000175476
195	0.5446101427078247
196	0.449186772108078
196	0.5078281164169312
196	0.4414292871952057
196	0.4737689197063446
196	0.5196006298065186
196	1.166425347328186
196	1.1988720893859863
196	1.1646664142608643
196	0.43737873435020447
196	0.5459275841712952
197	0.4384991526603699
197	0.5001296401023865
197	0.45280760526657104
197	0.5038737058639526
197	0.5079278945922852
197	0.5557209849357605
197	0.5663403272628784
197	0.6137271523475647
197	0.7872114777565002
197	0.9871811270713806
197	0.9352801442146301
197	1.1950273513793945
197	0.9333395957946777
197	1.1352450847625732
197	1.5855436325073242
197	0.8580164909362793
197	1.088375449180603
197	0.9874382019042969
197	1.261527180671692
197	0.43926969170570374
197	0.4998442232608795
198	0.46424227952957153
198	0.5700409412384033
198	0.4574425518512726
198	0.5107662081718445
198	0.5622314810752869
198	0.6439788937568665
198	0.6378477215766907
198	0.6155992150306702
198	1.0038878917694092
198	0.41939058899879456
198	0.49017757177352905
199	0.4265860915184021
199	0.5088156461715698
199	0.4372638761997223
199	0.46490204334259033
199	0.47415804862976074
199	0.49867865443229675
199	0.5548231601715088
199	0.603809654712677
199	0.5589562654495239
199	1.0799299478530884
199	1.1645658016204834
199	1.056914210319519
199	0.48418885469436646
199	0.5223566889762878
200	0.5731588006019592
200	0.6645692586898804
200	0.6537337899208069
200	0.6885873079299927
200	0.8107752203941345
200	1.3568497896194458
200	1.350300669670105
200	1.3361705541610718
200	0.6704421639442444
200	0.6980335116386414
201	0.7506217956542969
201	0.9243505597114563
201	1.1132276058197021
201	0.9827544093132019
201	0.8175195455551147
201	0.791504979133606
201	0.9706927537918091
201	1.0810878276824951
201	1.2870432138442993
201	1.0566357374191284
201	1.2131508588790894
201	1.4396471977233887
201	0.9461648464202881
201	1.1116119623184204
202	1.0065648555755615
202	1.0052016973495483
202	1.206312894821167
202	1.3607851266860962
202	1.3605488538742065
202	1.1140830516815186
202	1.2472120523452759
203	0.9353970289230347
203	0.889679491519928
203	0.8785775899887085
203	0.9637997150421143
203	0.8371245861053467
203	0.8039197325706482
203	0.8493285179138184
203	0.9360549449920654
203	1.3197413682937622
203	2.043771266937256
203	1.3833343982696533
203	2.0833497047424316
203	1.1884690523147583
203	1.3607531785964966
203	1.6324245929718018
203	1.700946569442749
203	2.468980550765991
203	1.804806113243103
203	2.6196441650390625
203	0.8202559947967529
203	0.8114979267120361
204	0.8334954977035522
204	0.894880473613739
204	0.8003955483436584
204	0.8621492385864258
204	0.8667373061180115
204	0.9758438467979431
204	0.8577557802200317
204	0.9157633185386658
204	0.9318609833717346
204	0.9454985857009888
204	1.042231798171997
204	1.1348210573196411
204	1.12966787815094
204	1.293015718460083
204	1.551201581954956
204	1.0519596338272095
204	1.1456700563430786
204	1.1491323709487915
204	1.3016846179962158
204	0.6881587505340576
204	0.6500675082206726
205	0.7031828165054321
205	0.7984573245048523
205	0.6575526595115662
205	0.6414297223091125
205	0.7018451690673828
205	0.7582008838653564
205	0.7800329327583313
205	0.7785654067993164
205	1.1196051836013794
205	0.6979506611824036
205	0.8650287985801697
206	0.6522426009178162
206	0.6705589294433594
206	0.6991671919822693
206	0.7022626399993896
206	0.8637811541557312
206	1.1396373510360718
206	0.9805275201797485
206	0.8569063544273376
206	1.1609265804290771
206	1.4114673137664795
206	1.2445518970489502
206	1.5008360147476196
206	1.0374791622161865
206	0.8148027658462524
206	0.9087713956832886
206	0.9953341484069824
206	1.1390254497528076
206	1.3862321376800537
206	1.2038594484329224
206	1.4457825422286987
206	1.227480173110962
206	1.4693156480789185
206	0.7445951700210571
206	0.897515058517456
207	0.7332994937896729
207	0.7337717413902283
207	0.8644232153892517
207	1.0371272563934326
207	1.0379018783569336
207	1.2195242643356323
207	1.2598947286605835
207	1.1637550592422485
207	1.9005244970321655
207	1.6242457628250122
207	1.1402502059936523
207	1.5361489057540894
207	1.4968827962875366
207	1.3829619884490967
207	1.768854022026062
207	1.2710243463516235
207	1.0767724514007568
207	1.156134843826294
207	1.0508439540863037
207	1.6326152086257935
207	1.6092767715454102
207	1.9545031785964966
207	0.8348149061203003
207	0.818655788898468
208	0.9669127464294434
208	1.1359740495681763
208	0.9746231436729431
208	1.0181074142456055
208	1.2023379802703857
208	1.482616901397705
208	1.469903826713562
208	1.436935544013977
208	1.9562251567840576
208	1.730809211730957
208	2.0755081176757813
208	1.9413623809814453
208	0.8880270719528198
208	0.9655287265777588
209	0.9213063716888428
209	1.0367039442062378
209	0.9794617891311646
209	1.081426978111267
209	1.1979572772979736
209	1.5873456001281738
209	1.8222873210906982
209	1.5311685800552368
209	1.7788358926773071
209	0.9562289714813232
209	1.1355308294296265
210	0.955196738243103
210	1.0154578685760498
210	1.09521484375
210	1.1822288036346436
210	1.3069738149642944
210	1.5926244258880615
210	1.5780999660491943
210	1.802963137626648
210	2.18013596534729
210	2.3159024715423584
210	2.3410804271698
210	2.688070058822632
210	2.6998302936553955
210	3.0274317264556885
210	3.3847172260284424
210	3.3695907592773438
210	3.7051503658294678
210	4.039112091064453
210	4.051162242889404
210	4.0622382164001465
210	1.1265376806259155
210	1.3519295454025269
211	1.0238274335861206
211	1.0079678297042847
211	1.0837844610214233
211	1.321875810623169
211	1.25315260887146
211	1.2257765531539917
211	1.36428964138031
211	1.642523169517517
211	2.1104507446289063
211	2.0984487533569336
211	0.8833560347557068
211	1.0332192182540894
212	0.7406540513038635
212	0.8442120552062988
212	0.6737308502197266
212	0.7970561385154724
212	0.7573478817939758
212	0.5838803052902222
212	0.6747156381607056
213	0.5599187016487122
213	0.6030858755111694
213	0.5847954750061035
213	0.6175068616867065
213	0.6643836498260498
213	0.7319180965423584
213	0.774483859539032
213	0.6831017136573792
213	0.6701929569244385
213	0.5999787449836731
213	0.6483851671218872
214	0.629327118396759
214	0.7062675356864929
214	0.6410475969314575
214	0.6868494749069214
214	0.7211279273033142
214	0.7661909461021423
214	0.7772712111473083
214	0.7938160300254822
214	0.8829454183578491
214	0.9213348627090454
214	0.9930915832519531
214	1.0996861457824707
214	0.9869900345802307
214	0.8719602227210999
214	0.9259535670280457
214	0.9247798323631287
214	1.0682672262191772
214	1.1637992858886719
214	1.1225253343582153
214	1.243789792060852
214	1.1529861688613892
214	1.2970050573349
214	0.5897824168205261
214	0.6119657754898071
215	0.5621122717857361
215	0.6031196117401123
215	0.530403196811676
215	0.5556206703186035
215	0.5713716745376587
215	0.6508229970932007
215	0.6595412492752075
215	0.57682865858078
215	0.6404844522476196
215	0.7192403674125671
215	0.751112163066864
215	0.8899261951446533
215	0.8006694316864014
215	0.9495486617088318
215	0.6834100484848022
215	0.7903257012367249
215	0.787941575050354
215	0.9493888020515442
215	0.5090388655662537
215	0.5351287126541138
216	0.5191333889961243
216	0.5722193121910095
216	0.5209023952484131
216	0.5261372923851013
216	0.5563067197799683
216	0.6112685799598694
216	0.6024066805839539
216	1.191166639328003
216	1.2491631507873535
216	1.1818273067474365
216	0.6121644377708435
216	0.8022277355194092
216	0.8037400245666504
216	0.6766432523727417
216	1.2694300413131714
216	1.272230625152588
216	1.292318344116211
216	0.5477895736694336
216	0.574476957321167
217	0.5912587642669678
217	0.6208745837211609
217	0.6487069725990295
217	0.7023128271102905
217	0.7602519392967224
217	1.4062199592590332
217	1.0820436477661133
217	1.6071988344192505
217	2.0655858516693115
217	2.147165536880493
217	2.2837424278259277
217	2.698914051055908
217	2.818174362182617
217	3.445741891860962
217	2.720158100128174
217	0.626240611076355
217	0.6846562027931213
218	0.598670482635498
218	0.6135706305503845
218	0.6084728837013245
218	0.6662406325340271
218	0.6359341740608215
218	1.1339088678359985
218	0.9640132784843445
218	1.3629461526870728
218	1.8743054866790771
218	0.586298942565918
218	0.6374087333679199
219	0.5569533705711365
219	0.5629395246505737
219	0.5569892525672913
219	0.5999274849891663
219	0.5719726085662842
219	0.6302201151847839
219	0.6273125410079956
219	0.6548152565956116
219	0.8842858076095581
219	1.0194765329360962
219	1.5670086145401
219	1.5502718687057495
219	1.5614489316940308
219	0.9610441327095032
219	1.5044306516647339
219	1.5077736377716064
219	1.5182602405548096
219	0.5652992129325867
219	0.6115232706069946
220	0.567196786403656
220	0.5817996263504028
220	0.5996984839439392
220	0.6381264925003052
220	0.6270700693130493
220	0.6522417664527893
220	0.6920063495635986
220	0.6782824993133545
220	1.0471203327178955
220	0.6301814317703247
220	0.6820964217185974
221	0.6477925181388855
221	0.6581646203994751
221	0.7043900489807129
221	0.7636891603469849
221	0.7669466137886047
221	1.2954319715499878
221	1.314514398574829
221	1.2994873523712158
221	0.7066789865493774
221	0.7874020338058472
222	0.6720970273017883
222	0.6700608730316162
222	0.6958929896354675
222	0.7562180757522583
222	0.7350760102272034
222	0.7444971799850464
222	0.8099995255470276
222	0.8357396721839905
222	1.2020697593688965
222	1.2889477014541626
222	1.101989984512329
222	1.584360122680664
222	2.094755172729492
222	2.0745718479156494
222	2.0613722801208496
222	0.6902478933334351
222	0.7655037045478821
223	0.6575148701667786
223	0.6556448340415955
223	0.6919459700584412
223	0.7553224563598633
223	0.7075337171554565
223	1.230879306793213
223	1.1700643301010132
223	0.8873836398124695
223	1.7706727981567383
223	1.5842487812042236
223	2.1016533374786377
223	2.143937826156616
223	2.169405698776245
223	1.3976343870162964
223	1.9343619346618652
223	1.9468797445297241
223	1.9712578058242798
223	0.7800055146217346
223	0.9269569516181946
224	0.80208420753479
224	0.7987912893295288
224	0.9331550002098083
224	1.0204485654830933
224	1.0727111101150513
224	1.345425009727478
224	1.556937336921692
224	1.7434160709381104
224	2.3054018020629883
224	2.303579807281494
224	2.0804660320281982
224	2.4174602031707764
224	2.4545464515686035
224	2.6551899909973145
224	3.1632180213928223
224	2.9835565090179443
224	3.1064984798431396
224	3.4258899688720703
224	3.3957319259643555
224	3.4152302742004395
224	0.9465989470481873
224	1.0931835174560547
225	0.8980169296264648
225	0.9024307131767273
225	0.9681583642959595
225	1.074004054069519
225	1.0844206809997559
225	1.477728009223938
225	1.5457793474197388
225	1.4950257539749146
225	1.9110753536224365
225	2.0228333473205566
225	2.0268430709838867
225	2.6428937911987305
225	2.562174081802368
225	3.094521999359131
225	2.7838523387908936
225	0.9125608801841736
225	1.0417813062667847
226	0.8091686964035034
226	0.7943681478500366
226	0.811862587928772
226	0.8804137706756592
226	0.8512700796127319
226	0.8468838334083557
226	0.9238588809967041
226	0.9452149271965027
226	1.0680043697357178
226	1.1439732313156128
226	1.2163199186325073
226	1.3703956604003906
226	1.2702885866165161
226	1.4913803339004517
226	1.7301816940307617
226	1.0543160438537598
226	1.1069395542144775
226	1.2181202173233032
226	1.3809032440185547
226	0.8015653491020203
226	0.8363279104232788
227	0.8547635674476624
227	0.9119740724563599
227	0.954266369342804
227	1.076877236366272
227	1.1944884061813354
227	1.6568673849105835
227	1.6581603288650513
227	1.6189494132995605
227	0.9233623743057251
227	1.0100889205932617
228	0.949545681476593
228	1.0029939413070679
228	1.064064383506775
228	1.1394245624542236
228	1.2794435024261475
228	1.4235349893569946
228	1.3572049140930176
228	1.3759547472000122
228	1.8160450458526611
228	1.7772644758224487
228	1.0413382053375244
228	1.2242872714996338
229	0.9408995509147644
229	0.9326572418212891
229	1.000722050666809
229	1.1074379682540894
229	1.0822030305862427
229	1.0718055963516235
229	1.2177754640579224
229	1.205456018447876
229	1.366246223449707
229	1.537009835243225
229	1.6851651668548584
229	2.1326711177825928
229	2.006542921066284
229	1.866132140159607
229	2.0447118282318115
229	2.0904219150543213
229	1.9127488136291504
229	2.188356399536133
229	2.1993966102600098
229	2.1739747524261475
229	0.9939612746238708
229	1.2295104265213013
230	0.8504580855369568
230	0.8406946659088135
230	0.851519763469696
230	0.9465833902359009
230	0.8657050728797913
230	0.8974749445915222
230	0.9840366244316101
230	0.9710826277732849
230	1.082136631011963
230	1.0662294626235962
230	1.5248831510543823
230	1.5299057960510254
230	1.5137596130371094
230	1.2013734579086304
230	1.6806347370147705
230	1.6450045108795166
230	1.626089096069336
230	0.8130865097045898
230	0.8242660164833069
231	0.8491697907447815
231	0.922947883605957
231	0.8424846529960632
231	0.8740553855895996
231	0.9589535593986511
231	1.5111455917358398
231	1.2517797946929932
231	1.5401636362075806
231	2.032346248626709
231	2.1964571475982666
231	1.6767443418502808
231	2.099688768386841
231	2.117436408996582
231	0.7747179269790649
231	0.7705816030502319
232	0.7723029851913452
232	0.814414381980896
232	0.740517258644104
232	0.741461455821991
232	0.8107941150665283
232	0.8841086030006409
232	0.8814903497695923
232	0.8310914039611816
232	1.1561475992202759
232	1.6831456422805786
232	1.2271075248718262
232	1.765244960784912
232	1.03184175491333
232	1.1644518375396729
232	1.299574375152588
232	1.8552993535995483
232	1.3757668733596802
232	1.9526941776275635
232	0.7109081149101257
232	0.702434778213501
233	0.7353348731994629
233	0.7911344170570374
233	0.7296508550643921
233	0.7455124855041504
233	0.7982006072998047
233	1.1159931421279907
233	1.0102773904800415
233	0.8855787515640259
233	1.1827088594436646
233	1.1829506158828735
233	1.0012844800949097
233	1.2047433853149414
233	1.6547001600265503
233	1.6956210136413574
233	1.699337363243103
233	0.7149313688278198
233	0.7331121563911438
234	0.7254137992858887
234	0.7688568830490112
234	0.7281191945075989
234	0.7684922814369202
234	0.8017066121101379
234	1.1000539064407349
234	1.062300443649292
234	1.673781156539917
234	2.050050735473633
234	1.1281635761260986
234	2.1250531673431396
234	2.6724207401275635
234	2.2174651622772217
234	1.7516175508499146
234	2.2369155883789063
234	0.685869574546814
234	0.721625030040741
235	0.654712975025177
235	0.6843711137771606
235	0.6282182335853577
235	0.6633508801460266
235	0.6375652551651001
235	0.6745774149894714
235	0.7240219712257385
235	1.2813102006912231
235	1.2967627048492432
235	1.289249062538147
235	0.7155258655548096
235	0.8340857028961182
235	0.850762128829956
235	0.7761610150337219
235	1.3341221809387207
235	1.311198115348816
235	1.3149635791778564
235	0.6097879409790039
235	0.6361972093582153
236	0.6099450588226318
236	0.6389703154563904
236	0.6091786623001099
236	0.6175803542137146
236	0.6407169699668884
236	0.6922196745872498
236	0.6946102976799011
236	0.6795705556869507
236	0.7440797090530396
236	0.7580605149269104
236	1.3226147890090942
236	1.289976954460144
236	1.309426188468933
236	0.8004533648490906
236	1.350473403930664
236	1.3453985452651978
236	1.34005868434906
236	0.6248980164527893
236	0.6411563158035278
237	0.6682272553443909
237	0.7065684199333191
237	0.7197641134262085
237	0.7434097528457642
237	0.8419989943504333
237	1.1727466583251953
237	1.1108012199401855
237	1.4851361513137817
237	1.2238658666610718
237	1.7479501962661743
237	1.7075327634811401
237	1.746610403060913
237	0.7114408016204834
237	0.7440470457077026
238	0.7092874050140381
238	0.7312146425247192
238	0.7230989933013916
238	0.7812945246696472
238	0.7891177535057068
238	0.8262649178504944
238	0.8396792411804199
238	0.8901265263557434
238	1.4030767679214478
238	1.4076693058013916
238	1.2325505018234253
238	1.821997880935669
238	1.783393144607544
238	1.2495602369308472
238	1.3253690004348755
238	1.6221439838409424
238	2.1587531566619873
238	2.6351377964019775
238	2.151625871658325
238	1.795423984527588
238	2.236937999725342
238	1.6687612533569336
238	0.6718918085098267
238	0.7279636859893799
239	0.618689239025116
239	0.6375547051429749
239	0.5941049456596375
239	0.6494070887565613
239	0.5994435548782349
239	0.6424484848976135
239	0.6653121113777161
239	1.2699413299560547
239	1.2160073518753052
239	1.2605037689208984
239	0.6665647029876709
239	1.2408721446990967
239	1.2358042001724243
239	1.2631207704544067
239	0.5754557251930237
239	0.6171740293502808
240	0.568670928478241
240	0.594413161277771
240	0.5882003307342529
240	0.6267603635787964
240	0.6550043225288391
240	0.7852252721786499
240	0.8404636979103088
240	0.7541944980621338
240	1.3263031244277954
240	1.0601038932800293
240	1.2192494869232178
240	1.515858769416809
240	0.6017912030220032
240	0.6449946761131287
241	0.6237470507621765
241	0.6487146615982056
241	0.6683698296546936
241	0.7183679342269897
241	0.7858086228370667
241	0.9013893604278564
241	0.9849507212638855
241	1.149214744567871
241	1.6005209684371948
241	1.668405532836914
241	1.7653542757034302
241	2.4162514209747314
241	2.163180112838745
241	2.3186702728271484
241	2.503427505493164
241	3.222790241241455
241	3.8121488094329834
241	4.594574928283691
241	3.6865081787109375
241	3.9882540702819824
241	4.694163799285889
241	4.0465898513793945
241	0.6393327713012695
241	0.6777662634849548
242	0.6272405982017517
242	0.6504223942756653
242	0.6350809335708618
242	0.6906672716140747
242	0.6919116377830505
242	0.9070502519607544
242	0.9257845878601074
242	1.3602548837661743
242	1.8078193664550781
242	2.002624750137329
242	1.6364655494689941
242	2.1662559509277344
242	2.085312843322754
242	1.8885507583618164
242	2.355065107345581
242	2.208618640899658
242	1.8502960205078125
242	2.1014857292175293
242	2.103424072265625
242	2.0823328495025635
242	0.5926637649536133
242	0.6345532536506653
243	0.5591138601303101
243	0.5823918581008911
243	0.5432341694831848
243	0.6012434959411621
243	0.5726878046989441
243	0.6057412624359131
243	0.6429618000984192
243	1.2605667114257813
243	1.2234069108963013
243	1.2146023511886597
243	0.6731923818588257
243	1.246423363685608
243	1.2368321418762207
243	1.292729139328003
243	0.5471146106719971
243	0.6208706498146057
244	0.551758348941803
244	0.5746030211448669
244	0.6166493892669678
244	0.6722899675369263
244	0.7249664068222046
244	1.2872132062911987
244	1.2987648248672485
244	1.2731212377548218
244	0.6597539186477661
244	0.8254660367965698
245	0.673076868057251
245	0.7343842387199402
245	0.7627761363983154
245	0.8385233879089355
245	0.8817895650863647
245	1.2619489431381226
245	0.9972860217094421
245	0.8986748456954956
245	1.261131763458252
245	1.7725307941436768
245	1.745516061782837
245	1.7755095958709717
245	0.7841799855232239
245	0.9698064923286438
246	0.7459524273872375
246	0.7794249057769775
246	0.8240230679512024
246	0.9188525676727295
246	0.9280654191970825
246	0.939463198184967
246	1.0570573806762695
246	1.1501555442810059
246	1.354403018951416
246	1.264968752861023
246	1.3132517337799072
246	1.7612498998641968
246	1.815807819366455
246	0.8112673163414001
246	1.0522223711013794
247	0.6898658275604248
247	0.7388638854026794
247	0.6817824244499207
247	0.7474700808525085
247	0.6816016435623169
247	0.7124907970428467
247	0.7696843147277832
247	0.6979859471321106
247	1.3971055746078491
247	2.170663356781006
247	1.499518871307373
247	2.3012404441833496
247	0.9930806756019592
247	1.1719058752059937
247	1.3031306266784668
247	2.0762784481048584
247	1.380448818206787
247	2.1514551639556885
247	0.6810736656188965
247	0.7238537073135376
248	0.7338205575942993
248	0.820808470249176
248	0.7569603323936462
248	0.7634572386741638
248	0.8816627264022827
248	1.196258306503296
248	1.0843400955200195
248	1.1216078996658325
248	1.3745577335357666
248	1.4718698263168335
248	1.2170064449310303
248	1.6817002296447754
248	1.686685562133789
248	0.7511594891548157
248	0.8218448162078857
249	0.7522559762001038
249	0.7825909852981567
249	0.7805995941162109
249	0.8329294323921204
249	0.8184815645217896
249	0.8950303196907043
249	0.8810815215110779
249	0.8391672968864441
249	0.9213706851005554
249	0.8279213905334473
249	0.9113488793373108
250	0.9547095894813538
250	1.098629355430603
250	1.0368486642837524
250	1.0523027181625366
250	1.227260708808899
250	1.2891615629196167
250	1.3216652870178223
250	1.3972868919372559
250	1.9040021896362305
250	2.535576105117798
250	2.1099987030029297
250	2.8049821853637695
250	1.895039439201355
250	2.125822067260742
250	1.949260950088501
250	2.5980992317199707
250	2.1487443447113037
250	2.856682538986206
250	1.0812292098999023
250	1.2333074808120728
251	1.1071064472198486
251	1.1646995544433594
251	1.213931679725647
251	1.3084986209869385
251	1.2583521604537964
251	1.3108819723129272
251	1.3162511587142944
251	1.4800543785095215
251	1.688437819480896
251	1.3166582584381104
251	1.332444190979004
252	1.4943513870239258
252	1.5699708461761475
252	1.665116548538208
252	1.7107881307601929
252	1.9244128465652466
252	1.9973933696746826
252	2.119994640350342
252	2.070690631866455
252	2.4194090366363525
252	2.8698716163635254
252	2.697211265563965
252	3.2709250450134277
252	2.678720712661743
252	2.985779285430908
252	2.56788969039917
252	3.084426164627075
252	2.837407112121582
252	3.4796764850616455
252	1.6641901731491089
252	1.823556661605835
253	1.5870991945266724
253	1.5721410512924194
253	1.6199742555618286
253	1.7815734148025513
253	1.7379862070083618
253	1.972396731376648
253	1.88506281375885
253	2.1461291313171387
253	2.6583659648895264
253	2.635633945465088
253	1.4662097692489624
253	1.3597198724746704
254	1.5556727647781372
254	1.6993005275726318
254	1.5471916198730469
254	1.5637434720993042
254	1.7991520166397095
254	2.125840425491333
254	2.1780173778533936
254	2.120414972305298
254	1.4157698154449463
254	1.395970344543457
255	1.4217685461044312
255	1.52264404296875
255	1.3978400230407715
255	1.4969401359558105
255	1.6227208375930786
255	2.011012315750122
255	2.024116277694702
255	2.3246092796325684
255	2.1961569786071777
255	2.590601682662964
255	2.6483535766601563
255	2.706120014190674
255	1.188132643699646
255	1.1816601753234863
256	1.1062722206115723
256	1.1982063055038452
256	1.0004843473434448
256	0.9973250031471252
256	1.088150143623352
256	1.2146260738372803
256	1.1484135389328003
256	1.1292096376419067
256	1.6070036888122559
256	2.268772840499878
256	1.7000868320465088
256	2.374627113342285
256	1.3922635316848755
256	1.5508333444595337
256	1.6146337985992432
256	2.269733190536499
256	1.7219072580337524
256	2.4077653884887695
256	0.9438106417655945
256	0.973984956741333
257	0.972235381603241
257	1.063804030418396
257	0.9773468971252441
257	1.0104641914367676
257	1.1470370292663574
257	1.2764445543289185
257	1.2252808809280396
257	1.5841103792190552
257	2.068375587463379
257	1.2646211385726929
257	1.6536551713943481
257	2.0508031845092773
257	1.7168219089508057
257	1.7100812196731567
257	2.331847906112671
257	0.8913198113441467
257	0.9562023282051086
258	0.8454679250717163
258	0.9232785105705261
258	0.8250502943992615
258	0.8760083913803101
258	0.971676766872406
258	1.4664865732192993
258	1.4280532598495483
258	1.4716219902038574
258	0.7661344408988953
258	0.8959422707557678
259	0.7014375925064087
259	0.7590184807777405
259	0.6908093094825745
259	0.7477985620498657
259	0.7655286192893982
259	0.8298534750938416
259	0.8209654688835144
259	0.9019472002983093
259	1.1436890363693237
259	1.1520442962646484
259	1.0424283742904663
259	1.5009652376174927
259	1.459214687347412
259	1.4373043775558472
259	2.049534320831299
259	1.9500409364700317
259	1.8850438594818115
259	2.287468671798706
259	2.3423495292663574
259	2.313190460205078
259	0.6516022682189941
259	0.6957710385322571
260	0.7005576491355896
260	0.8244462609291077
260	0.6698815226554871
260	0.6922240853309631
260	0.8064126372337341
260	1.040748953819275
260	0.9917611479759216
260	0.8856344819068909
260	1.2801551818847656
260	1.3479385375976563
260	1.1569801568984985
260	1.6656557321548462
260	1.5441621541976929
260	1.3969290256500244
260	1.8077796697616577
260	1.8738569021224976
260	1.4328436851501465
260	1.8203612565994263
260	1.805707335472107
260	1.8294183015823364
260	0.6082470417022705
260	0.7360811829566956
261	0.5327406525611877
261	0.5732101798057556
261	0.5135022401809692
261	0.5949162840843201
261	0.6032150387763977
261	0.8317142724990845
261	0.9131284952163696
261	0.6830818057060242
261	1.1550978422164917
261	1.0535997152328491
261	0.8153070211410522
261	0.7564277052879333
261	1.864336371421814
261	2.2019495964050293
261	2.39420485496521
261	0.4817782938480377
261	0.5634228587150574
262	0.49036136269569397
262	0.5506598949432373
262	0.5115789771080017
262	0.5460330247879028
262	0.6431890726089478
262	0.8408051133155823
262	1.0109161138534546
262	1.5789119005203247
262	1.5643638372421265
262	1.5212504863739014
262	1.05644690990448
262	1.5285142660140991
262	1.705359935760498
262	1.2249119281768799
262	1.6811107397079468
262	1.7340667247772217
262	1.7452499866485596
262	0.4757269322872162
262	0.5304111242294312
263	0.47114628553390503
263	0.5506808757781982
263	0.6656889915466309
263	0.6482451558113098
263	0.47609826922416687
263	0.4799475371837616
263	0.5643092393875122
263	0.6554633378982544
263	0.7035461664199829
263	0.5769917964935303
263	0.6426136493682861
263	0.7137393951416016
263	0.5255863070487976
263	0.6596821546554565
264	0.5086744427680969
264	0.5270031690597534
264	0.5456238389015198
264	0.6164634823799133
264	0.6457435488700867
264	1.0235565900802612
264	1.1318696737289429
264	1.6350804567337036
264	2.2009530067443848
264	0.5099828839302063
264	0.5532320737838745
265	0.5327291488647461
265	0.6068558096885681
265	0.5290949940681458
265	0.5229693651199341
265	0.6234129667282104
265	0.7244360446929932
265	0.7287288308143616
265	1.2686606645584106
265	1.2957974672317505
265	1.3007615804672241
265	0.6777815222740173
265	0.8225051760673523
265	0.899623692035675
265	0.7477735280990601
265	1.307923674583435
265	1.340606689453125
265	1.3059731721878052
265	0.5577062964439392
265	0.6779137253761292
266	0.5327922105789185
266	0.5389111042022705
266	0.556993842124939
266	0.6178203821182251
266	0.6360746622085571
266	0.741135835647583
266	0.8284950852394104
266	1.3646513223648071
266	1.3914393186569214
266	1.380049228668213
266	0.7906221151351929
266	1.3578191995620728
266	1.3528268337249756
266	1.3290904760360718
266	0.535539448261261
266	0.5698758363723755
267	0.5678406357765198
267	0.6431401968002319
267	0.5729667544364929
267	0.5868464112281799
267	0.6773887872695923
267	0.7604833841323853
267	0.7608762979507446
267	0.7370869517326355
267	0.8919088840484619
267	0.5884346961975098
267	0.688727080821991
268	0.5777825713157654
268	0.5866008996963501
268	0.6445456743240356
268	0.7055918574333191
268	0.7100288271903992
268	0.7499999403953552
268	0.842519998550415
268	0.8035722374916077
268	1.0613964796066284
268	1.223565697669983
268	1.2290974855422974
268	1.2301411628723145
268	1.7482681274414063
268	1.7877063751220703
268	1.7965031862258911
268	0.6910465359687805
268	0.8014910221099854
269	0.6791712045669556
269	0.6747101545333862
269	0.742266058921814
269	0.7703773975372314
269	0.7235730886459351
269	0.7733713388442993
269	0.7979068160057068
269	0.6602468490600586
269	0.6782660484313965
269	0.742449164390564
269	1.315482258796692
269	1.2803924083709717
269	1.2712992429733276
269	0.7163391709327698
269	1.2887015342712402
269	1.2630218267440796
269	1.2876044511795044
269	0.8790402412414551
269	0.988422155380249
270	0.9638031125068665
270	0.985846996307373
270	1.1013520956039429
270	1.1708202362060547
270	1.2412583827972412
270	1.363526701927185
270	1.246485710144043
270	1.4291189908981323
270	1.3797011375427246
270	1.7648651599884033
270	1.746622920036316
270	1.7893338203430176
270	1.1170250177383423
270	1.2568168640136719
271	1.0385310649871826
271	1.015586495399475
271	1.0463807582855225
271	1.148525357246399
271	1.0780636072158813
271	1.3386236429214478
271	1.220659613609314
271	1.1669400930404663
271	1.4934473037719727
271	1.5675690174102783
271	1.3233586549758911
271	1.6925030946731567
271	1.6642228364944458
271	1.511657476425171
271	2.016167640686035
271	1.9485573768615723
271	1.933546543121338
271	2.3576607704162598
271	2.368128776550293
271	2.3432223796844482
271	0.9679798483848572
271	0.9241682291030884
272	1.00443696975708
272	1.08512544631958
272	0.9722440838813782
272	0.9961436986923218
272	1.0782021284103394
272	1.1745705604553223
272	1.1350960731506348
272	1.2843327522277832
272	1.7537641525268555
272	1.433987021446228
272	1.5386117696762085
272	2.115623712539673
272	2.030327558517456
272	0.8744882941246033
272	0.9105421304702759
273	0.8229634165763855
273	0.8887204527854919
273	0.7514206171035767
273	0.7547850012779236
273	0.7469313740730286
273	0.7989457249641418
273	0.8097316026687622
273	0.780198335647583
273	1.2214981317520142
273	1.1652770042419434
273	1.715948224067688
273	1.6852612495422363
273	1.7036430835723877
273	1.1220698356628418
273	1.6508204936981201
273	1.6707755327224731
273	1.667389154434204
273	0.7590886354446411
273	0.8132240176200867
274	0.778023362159729
274	0.8198356032371521
274	0.8149996399879456
274	0.8722811937332153
274	0.9705581068992615
274	1.2632954120635986
274	1.465651512145996
274	1.053328514099121
274	1.5916922092437744
274	1.9550464153289795
274	2.0560996532440186
274	2.5938494205474854
274	2.1289279460906982
274	2.7920758724212646
274	2.7647533416748047
274	1.4097610712051392
274	1.6766921281814575
274	1.927333116531372
274	2.4218854904174805
274	0.8152503371238708
274	0.9021461606025696
275	0.8354092836380005
275	0.8735458254814148
275	0.9085921049118042
275	0.9441249370574951
275	0.940957248210907
275	1.0300543308258057
275	1.2395031452178955
275	0.9854499697685242
275	1.5229398012161255
275	2.222561836242676
275	1.832991600036621
275	2.564650535583496
275	1.8339015245437622
275	2.2546956539154053
275	1.7770800590515137
275	2.495620012283325
275	2.1202077865600586
275	2.962566614151001
275	1.0424120426177979
275	1.2937215566635132
276	1.064970850944519
276	1.11525559425354
276	1.2318294048309326
276	1.3926584720611572
276	1.295149326324463
276	1.4078694581985474
276	1.6635035276412964
276	1.9693678617477417
276	2.604865550994873
276	2.7879958152770996
276	3.576190948486328
276	4.302601337432861
276	3.9543910026550293
276	5.020150184631348
276	5.359621047973633
276	2.8161349296569824
276	3.161430835723877
276	3.6990561485290527
276	4.4606122970581055
276	1.4352048635482788
276	1.4978199005126953
277	1.7443324327468872
277	1.8383100032806396
277	2.0972492694854736
277	2.1495604515075684
277	2.5357072353363037
277	2.789524793624878
277	2.989356279373169
277	3.492429494857788
277	3.7963669300079346
277	2.8749752044677734
277	4.118720531463623
277	4.870688438415527
277	4.06588077545166
277	3.3866279125213623
277	3.7002527713775635
277	2.2395026683807373
277	2.2958126068115234
278	2.495375633239746
278	2.5736379623413086
278	2.8275928497314453
278	2.7734529972076416
278	2.9505202770233154
278	3.104799509048462
278	3.3069050312042236
278	2.6664693355560303
278	2.4952173233032227
278	2.944018602371216
278	2.6448397636413574
278	2.9691879749298096
278	2.592633008956909
278	2.8077917098999023
278	2.5479724407196045
278	3.3804383277893066
278	3.7648556232452393
278	3.772540330886841
278	3.8706138134002686
278	4.368463039398193
278	4.666773319244385
278	4.6479315757751465
278	4.6528849601745605
