29	12.731485366821289
29	12.996611595153809
29	13.00330924987793
29	12.984846115112305
29	11.948522567749023
29	11.960607528686523
29	11.426215171813965
29	11.610513687133789
29	10.79732608795166
29	10.996552467346191
29	10.94245433807373
29	11.261942863464355
29	10.968757629394531
29	11.007659912109375
29	11.188292503356934
29	10.032942771911621
29	9.845438003540039
30	9.800127983093262
30	10.14643383026123
30	9.278728485107422
30	9.233734130859375
30	9.718836784362793
30	8.489357948303223
30	8.3463773727417
31	8.182319641113281
31	8.507524490356445
31	7.6197991371154785
31	7.778260231018066
31	8.056840896606445
31	8.266297340393066
31	8.06905460357666
31	8.19391918182373
31	8.159148216247559
31	8.198893547058105
31	8.700560569763184
31	8.910802841186523
31	8.935735702514648
31	9.181619644165039
31	9.424161911010742
31	9.382280349731445
31	9.392558097839355
31	6.724940299987793
31	6.637652397155762
32	6.285958290100098
32	6.621553421020508
32	5.593183517456055
32	5.628877639770508
32	5.963321208953857
32	6.287164688110352
32	6.160080432891846
32	6.257852554321289
32	6.457668781280518
32	4.950231075286865
32	5.29580545425415
33	4.35667610168457
33	4.413930892944336
33	4.062007427215576
33	4.625531196594238
33	4.415430068969727
33	4.520802021026611
33	4.471823215484619
33	5.313957214355469
33	5.399511337280273
33	6.044247150421143
33	6.357940196990967
33	6.383426189422607
33	6.337193012237549
33	6.008333206176758
33	6.325644493103027
33	6.288796424865723
33	6.334543704986572
33	3.303905725479126
33	2.934476137161255
34	3.4343035221099854
34	4.015491485595703
34	3.098254919052124
34	3.205792188644409
34	3.9404826164245605
34	4.252406597137451
34	4.0183610916137695
34	4.8315229415893555
34	5.414730072021484
34	5.315444469451904
34	2.3317713737487793
34	2.5564632415771484
35	1.8545944690704346
35	2.1629855632781982
35	1.544895887374878
35	1.7295407056808472
35	1.9860014915466309
35	2.3400163650512695
35	2.2650673389434814
35	2.4274027347564697
35	2.833191394805908
35	2.995330810546875
35	3.424184560775757
35	3.2795825004577637
35	1.4320573806762695
35	1.4698753356933594
36	1.395007610321045
36	1.468888521194458
36	1.3452132940292358
36	1.3547048568725586
36	1.39188814163208
36	1.7866991758346558
36	1.6418609619140625
36	1.6972367763519287
36	2.0526552200317383
36	1.3257811069488525
36	1.3787808418273926
37	1.2911046743392944
37	1.2874799966812134
37	1.2968047857284546
37	1.3178495168685913
37	1.279685378074646
37	1.3048748970031738
37	1.3063603639602661
37	1.2439628839492798
37	1.2438547611236572
37	1.282488465309143
37	1.2366278171539307
37	1.2683143615722656
37	1.2334808111190796
37	1.2711460590362549
37	1.2502249479293823
37	1.2471094131469727
37	1.2843612432479858
37	1.2440178394317627
37	1.2826803922653198
37	1.3328200578689575
37	1.3694084882736206
38	1.371922492980957
38	1.4031850099563599
38	1.4156334400177002
38	1.4675077199935913
38	1.499541163444519
38	1.7346688508987427
38	1.8039969205856323
38	1.574392318725586
38	1.9777371883392334
38	1.778773307800293
38	2.260652780532837
38	2.7111599445343018
38	2.72357439994812
38	2.851409435272217
38	3.400059700012207
38	3.3312532901763916
38	2.9665486812591553
38	3.1998496055603027
38	3.2098073959350586
38	3.2654120922088623
38	1.447361707687378
38	1.4695026874542236
39	1.5915319919586182
39	1.7048368453979492
39	1.7128121852874756
39	1.6844834089279175
39	2.074244976043701
39	2.2337586879730225
39	2.2345361709594727
39	2.2429697513580322
39	2.207486391067505
39	2.541257381439209
39	2.7605676651000977
39	3.2185218334198
39	3.5729315280914307
39	3.568153142929077
39	3.5516369342803955
39	1.7028523683547974
39	1.8347952365875244
40	1.644061803817749
40	1.602028727531433
40	1.7612342834472656
40	1.9146323204040527
40	2.0694501399993896
40	2.5222580432891846
40	2.581305503845215
40	2.0075442790985107
40	2.353794574737549
40	2.499014377593994
40	1.5886902809143066
40	1.7070071697235107
41	1.441779375076294
41	1.463568091392517
41	1.3944486379623413
41	1.4721931219100952
41	1.4068366289138794
41	1.447864294052124
41	1.5088145732879639
41	1.4212619066238403
41	1.7702988386154175
41	2.1519930362701416
41	1.85563063621521
41	2.2945950031280518
41	1.5886985063552856
41	1.7458553314208984
41	2.1287682056427
41	1.4753392934799194
41	1.7339445352554321
41	1.5376125574111938
41	1.8100111484527588
41	1.3816384077072144
41	1.4186625480651855
42	1.3885400295257568
42	1.4520256519317627
42	1.4497926235198975
42	1.5580379962921143
42	1.3986088037490845
42	1.4641185998916626
42	1.485325574874878
42	1.6096705198287964
42	1.7161351442337036
42	1.5400246381759644
42	1.7393162250518799
42	1.8033419847488403
42	1.3221062421798706
42	1.3729408979415894
43	1.2680813074111938
43	1.303583025932312
43	1.2282458543777466
43	1.2685264348983765
43	1.234198808670044
43	1.2462044954299927
43	1.2498053312301636
43	1.3379100561141968
43	1.4377059936523438
43	1.6788761615753174
43	1.6657464504241943
43	2.1622087955474854
43	2.246446132659912
43	1.188043236732483
43	1.1979113817214966
44	1.180882453918457
44	1.2152131795883179
44	1.167256474494934
44	1.1932350397109985
44	1.2007452249526978
44	1.2281980514526367
44	1.2140824794769287
44	1.2973315715789795
44	1.3687022924423218
44	1.3552912473678589
44	1.418053388595581
44	1.650848627090454
44	2.086439371109009
44	2.065356731414795
44	2.0520732402801514
44	1.1354598999023438
44	1.1569029092788696
45	1.1208761930465698
45	1.140818476676941
45	1.1257606744766235
45	1.218199610710144
45	1.2483150959014893
45	1.027846336364746
45	1.068985104560852
46	0.992694079875946
46	1.0483371019363403
46	0.9495163559913635
46	0.9644794464111328
46	0.9857547879219055
46	1.3035222291946411
46	1.2314236164093018
46	1.1336793899536133
46	1.6233227252960205
46	1.4557390213012695
46	1.9683555364608765
46	1.9236559867858887
46	1.8745753765106201
46	1.4586371183395386
46	1.8994008302688599
46	1.9331015348434448
46	1.9271776676177979
46	0.916907787322998
46	0.9531030654907227
47	0.8903899788856506
47	0.9189944267272949
47	0.8441980481147766
47	0.8444148898124695
47	0.8848440051078796
47	0.9508471488952637
47	0.9410209059715271
47	0.8948419094085693
47	1.5286747217178345
47	0.8007298707962036
47	0.8552390336990356
48	0.7583775520324707
48	0.7816698551177979
48	0.7280992269515991
48	0.7652002573013306
48	0.7774294018745422
48	0.8253555297851563
48	0.8644111156463623
48	1.3736921548843384
48	1.3954370021820068
48	1.3711788654327393
48	0.8941482305526733
48	1.444399356842041
48	1.3548810482025146
48	1.1989294290542603
48	1.7642314434051514
48	1.729705572128296
48	1.765984058380127
48	0.680393636226654
48	0.7150682210922241
49	0.6741936802864075
49	0.72955322265625
49	0.6388866305351257
49	0.6450223326683044
49	0.6946722865104675
49	0.7434892058372498
49	0.7205297946929932
49	1.2736698389053345
49	1.2815948724746704
49	1.2661595344543457
49	0.8042607307434082
49	1.1631309986114502
49	1.2410732507705688
49	1.0022811889648438
49	1.5676658153533936
49	1.579674243927002
49	1.5244364738464355
49	0.6094038486480713
49	0.6711429357528687
50	0.5843360424041748
50	0.6179379224777222
50	0.5693414211273193
50	0.6122557520866394
50	0.5893956422805786
50	0.6183488368988037
50	0.6609620451927185
50	1.2385417222976685
50	1.2359585762023926
50	1.2687069177627563
50	0.667758584022522
50	0.8995671272277832
50	0.8916624188423157
50	0.8302534818649292
50	1.384151816368103
50	1.4090718030929565
50	1.3854459524154663
50	0.5458931922912598
50	0.5698781609535217
51	0.5761955976486206
51	0.6436011791229248
51	0.5845724940299988
51	0.5922070741653442
51	0.6833133697509766
51	0.7083651423454285
51	0.8132493495941162
51	0.7468898892402649
51	0.7732728123664856
51	0.94400554895401
51	1.083384394645691
51	1.0419753789901733
51	0.5953453183174133
51	0.665440559387207
52	0.5998441576957703
52	0.6215991377830505
52	0.6357020139694214
52	0.6643926501274109
52	0.6629581451416016
52	0.697827935218811
52	0.7553045749664307
52	0.6587641835212708
52	0.6874454617500305
52	0.7728040814399719
52	0.8786771893501282
52	0.8615928888320923
52	0.6802329421043396
52	0.7196521759033203
53	0.7349733114242554
53	0.7712497115135193
53	0.8044180870056152
53	0.8339771032333374
53	0.8683415651321411
53	1.2420021295547485
53	1.309942603111267
53	0.9066351652145386
53	1.3875824213027954
53	1.3123974800109863
53	1.0011929273605347
53	1.5279276371002197
53	1.4648289680480957
53	1.1808364391326904
53	1.6988557577133179
53	1.736610770225525
53	1.2057135105133057
53	1.58730947971344
53	1.6060172319412231
53	1.582374930381775
53	0.8646962642669678
53	0.9502657055854797
54	0.9032996892929077
54	0.9223926067352295
54	0.9830622673034668
54	1.0473289489746094
54	1.1321465969085693
54	1.3578275442123413
54	1.4211983680725098
54	1.8627861738204956
54	2.3223648071289063
54	2.539942979812622
54	3.198917865753174
54	2.583331346511841
54	0.9613906145095825
54	1.060368537902832
55	0.9966245889663696
55	1.1017029285430908
55	1.0335619449615479
55	1.0334112644195557
55	1.0452221632003784
55	1.1579489707946777
55	1.143870234489441
55	0.9300101399421692
55	1.0124881267547607
55	1.1719413995742798
55	1.0273596048355103
55	1.2054612636566162
55	0.96077561378479
55	1.0682061910629272
55	0.9112125039100647
55	1.0214847326278687
55	0.9249665141105652
55	1.0434187650680542
55	1.1907708644866943
55	1.3111271858215332
56	1.293524980545044
56	1.2821674346923828
56	1.4941463470458984
56	1.6208468675613403
56	1.6736419200897217
56	1.6849457025527954
56	2.069105625152588
56	2.543558359146118
56	3.016249656677246
56	1.9431216716766357
56	2.910494327545166
56	3.5715525150299072
56	2.8160881996154785
56	2.4030330181121826
56	2.8960087299346924
56	1.5285826921463013
56	1.444438099861145
57	1.8040649890899658
57	1.9924930334091187
57	1.9484614133834839
57	1.8694005012512207
57	2.412475347518921
57	2.79587721824646
57	2.692049741744995
57	2.756983518600464
57	3.099754571914673
57	3.1850850582122803
57	3.0121171474456787
57	3.225379705429077
57	3.1860671043395996
57	3.6254477500915527
57	3.9135894775390625
57	3.961392641067505
57	4.199505805969238
57	4.495264530181885
57	4.533163070678711
57	4.4898247718811035
57	1.979850172996521
57	2.036107063293457
58	2.1104061603546143
58	2.1704251766204834
58	2.3564212322235107
58	2.584939956665039
58	2.6855623722076416
58	2.8829476833343506
58	3.04761004447937
58	2.9002625942230225
58	3.159257411956787
58	2.2618796825408936
58	2.557971954345703
59	2.0118966102600098
59	1.8742127418518066
59	2.1298227310180664
59	2.4741368293762207
59	2.2731499671936035
59	2.618319511413574
59	2.3897664546966553
59	2.488229751586914
59	2.7533159255981445
59	3.0989348888397217
59	3.2044219970703125
59	3.0657122135162354
59	1.9858633279800415
59	2.138962745666504
60	1.8609461784362793
60	1.8814030885696411
60	1.913939118385315
60	2.1173834800720215
60	2.0103633403778076
60	1.7869070768356323
60	2.2503316402435303
61	1.5777891874313354
61	1.7974265813827515
61	1.5332540273666382
61	1.690800428390503
61	1.6346347332000732
61	1.6080669164657593
61	1.7238438129425049
61	1.946133017539978
61	1.9317600727081299
61	2.401670455932617
61	2.7623603343963623
61	2.916133403778076
61	3.2176737785339355
61	3.2058887481689453
61	3.2052395343780518
61	1.4085807800292969
61	1.4261475801467896
62	1.5069310665130615
62	1.7033120393753052
62	1.5229800939559937
62	1.5608707666397095
62	1.8755989074707031
62	2.3029088973999023
62	2.5279481410980225
62	2.8764641284942627
62	2.2201972007751465
62	2.6470186710357666
62	2.6178367137908936
62	2.650292158126831
62	1.3237364292144775
62	1.3412890434265137
63	1.287704586982727
63	1.4643486738204956
63	1.1420059204101563
63	1.078790545463562
63	1.3219374418258667
63	1.6279650926589966
63	1.7374428510665894
63	1.911805272102356
63	2.235366106033325
63	1.0488988161087036
63	1.2919037342071533
64	0.8316676616668701
64	0.8460174202919006
64	0.7387363314628601
64	0.7526413798332214
64	0.6751484870910645
64	0.7203704714775085
64	0.6869192123413086
64	0.6936711668968201
64	0.744154155254364
64	0.8033884763717651
64	0.6675453186035156
64	0.765143632888794
64	0.7182763814926147
64	0.6370319724082947
64	0.7488279342651367
64	0.6281163692474365
64	0.6721958518028259
64	0.7295504212379456
64	0.6700504422187805
64	0.7389062643051147
64	0.8540396094322205
64	0.8272985816001892
64	0.7730127573013306
64	1.0390831232070923
65	0.7372227311134338
65	0.8676828742027283
65	0.7934098243713379
65	0.8694133758544922
65	1.0057846307754517
65	1.4481816291809082
65	1.477183222770691
65	1.5027148723602295
65	1.8667547702789307
65	0.7365670800209045
65	0.7658354640007019
66	0.7983314394950867
66	0.8893874287605286
66	0.857966959476471
66	0.9364097118377686
66	0.9530342817306519
66	0.8144338130950928
66	0.9163437485694885
67	0.7615184187889099
67	0.7947124242782593
67	0.7513015270233154
67	0.8383374214172363
67	0.7666675448417664
67	0.8463500738143921
67	0.8278877139091492
67	1.2333261966705322
67	0.7668136954307556
67	1.2928999662399292
67	1.2714626789093018
67	1.3331681489944458
67	0.7328004240989685
67	0.7443310022354126
68	0.7764125466346741
68	0.8521190881729126
68	0.793707549571991
68	0.8294369578361511
68	0.8844698071479797
68	0.9247331619262695
68	0.9460369944572449
68	0.980636477470398
68	1.494001865386963
68	1.5174853801727295
68	0.769287645816803
68	0.8141317963600159
69	0.767302393913269
69	0.8071275353431702
69	0.7888413667678833
69	0.8453136086463928
69	0.9150136709213257
69	1.0835821628570557
69	1.6729764938354492
69	2.1762702465057373
69	2.1663801670074463
69	2.251354455947876
69	1.5702484846115112
69	2.1287193298339844
69	2.0870072841644287
69	2.0706353187561035
69	0.7362757325172424
69	0.767359733581543
70	0.7076135277748108
70	0.7465956211090088
70	0.6902473568916321
70	0.7223110795021057
70	0.6927199363708496
70	0.687958300113678
70	0.7371107935905457
70	0.7536363005638123
70	0.8529363870620728
70	0.7921863794326782
70	0.6877131462097168
70	0.7259417772293091
71	0.689552903175354
71	0.707068681716919
71	0.7146655917167664
71	0.7353282570838928
71	0.7577382922172546
71	1.2643545866012573
71	1.2891392707824707
71	1.3348106145858765
71	0.7534623146057129
71	0.7952501177787781
72	0.7775982618331909
72	0.7906421422958374
72	0.8285287022590637
72	0.8690091967582703
72	0.8937925696372986
72	1.3779531717300415
72	1.3784960508346558
72	1.3931622505187988
72	0.8332735896110535
72	0.8827049136161804
73	0.8131231069564819
73	0.8106427192687988
73	0.8394741415977478
73	0.9055073261260986
73	0.8900133967399597
73	1.2140659093856812
73	1.2897318601608276
73	1.2620856761932373
73	1.8307288885116577
73	1.5652192831039429
73	2.0602869987487793
73	1.5633994340896606
73	0.8220939040184021
73	0.8724314570426941
74	0.7839841246604919
74	0.7757866382598877
74	0.791437029838562
74	0.8286362290382385
74	0.7760624289512634
74	0.7914717197418213
74	0.8311835527420044
74	0.7467614412307739
74	0.7512800097465515
74	0.7558632493019104
74	1.3050336837768555
74	1.2804489135742188
74	1.2902568578720093
74	0.8130748271942139
74	1.3253222703933716
74	1.3598181009292603
74	1.3186544179916382
74	0.8178739547729492
74	0.8706091642379761
75	0.8134409785270691
75	0.8079092502593994
75	0.8443145155906677
75	0.8602039217948914
75	0.8518121242523193
75	0.8911159634590149
75	0.9222932457923889
75	0.9486108422279358
75	1.2352936267852783
75	1.3058152198791504
75	1.0974602699279785
75	1.6574801206588745
75	1.564040184020996
75	1.704010248184204
75	2.081026315689087
75	2.588407516479492
75	3.1704630851745605
75	3.9958653450012207
75	3.0364153385162354
75	3.4230799674987793
75	4.137002468109131
75	3.5200064182281494
75	0.8932180404663086
75	0.9378232359886169
76	0.9153375029563904
76	0.915597140789032
76	0.9805353283882141
76	1.0263628959655762
76	1.0355503559112549
76	1.2026654481887817
76	1.4804811477661133
76	1.7875956296920776
76	2.5115084648132324
76	2.2224996089935303
76	2.0511085987091064
76	2.4969642162323
76	2.537260055541992
76	0.9965279698371887
76	1.0609302520751953
77	0.9675488471984863
77	0.9509319067001343
77	1.0037459135055542
77	1.0677319765090942
77	1.0048692226409912
77	0.9918912053108215
77	1.061861515045166
77	1.0696520805358887
77	1.1296517848968506
77	1.6016496419906616
77	1.5587024688720703
77	1.5242007970809937
77	1.0152727365493774
77	1.0817731618881226
78	0.9780910611152649
78	0.9556837677955627
78	1.0037697553634644
78	1.0416467189788818
78	0.9853349924087524
78	0.9783291220664978
78	1.0294688940048218
78	0.9787504076957703
78	1.0567784309387207
78	1.1711199283599854
78	1.0915210247039795
78	1.2187777757644653
78	1.06670343875885
78	1.147511601448059
78	1.0179014205932617
78	1.1149120330810547
78	1.0660744905471802
78	1.1956628561019897
78	1.0381253957748413
78	1.0923141241073608
79	1.0377776622772217
79	1.026206135749817
79	1.081775426864624
79	1.0996607542037964
79	1.100589394569397
79	1.252005696296692
79	1.4679749011993408
79	1.4674384593963623
79	2.1129956245422363
79	1.9680849313735962
79	1.779820203781128
79	2.276895523071289
79	2.240600109100342
79	2.2930214405059814
79	2.577970027923584
79	3.0523722171783447
79	3.5608279705047607
79	4.293521404266357
79	3.472926378250122
79	3.810622453689575
79	4.439918041229248
79	3.950183391571045
79	1.136763095855713
79	1.203312873840332
80	1.1414339542388916
80	1.1181389093399048
80	1.199548602104187
80	1.266823649406433
80	1.2133638858795166
80	1.5076463222503662
80	1.5087929964065552
80	1.3560750484466553
80	1.9150663614273071
80	1.7683440446853638
80	2.145314931869507
80	2.0956363677978516
80	1.2345772981643677
80	1.352674961090088
81	1.181598424911499
81	1.1408697366714478
81	1.2307995557785034
81	1.29917573928833
81	1.2189055681228638
81	1.3288577795028687
81	1.4341785907745361
81	1.2566622495651245
81	1.6113799810409546
81	1.6132090091705322
81	2.0787975788116455
81	2.043131113052368
81	2.0741472244262695
81	1.6070899963378906
81	2.067357301712036
81	2.079686164855957
81	2.0158450603485107
81	1.2582743167877197
81	1.375414252281189
82	1.2195426225662231
82	1.2217094898223877
82	1.2578402757644653
82	1.2811615467071533
82	1.409422755241394
82	1.4527499675750732
82	1.4669286012649536
82	1.578157901763916
82	2.0008726119995117
82	1.8650181293487549
82	1.9397083520889282
82	2.297651767730713
82	2.4159352779388428
82	2.456268310546875
82	2.9055962562561035
82	2.8566269874572754
82	2.933333158493042
82	3.27701997756958
82	3.279280424118042
82	3.2683510780334473
82	1.1819885969161987
82	1.2256298065185547
83	1.1072052717208862
83	1.1262058019638062
83	1.0590656995773315
83	1.082792043685913
83	1.0232936143875122
83	1.040773630142212
83	1.0213451385498047
83	1.0298446416854858
83	1.0807743072509766
83	1.1395372152328491
83	1.1058189868927002
83	1.186935305595398
83	1.0775631666183472
83	1.1389611959457397
83	1.1266478300094604
83	1.0288255214691162
83	1.0548020601272583
83	1.051095962524414
83	1.0881425142288208
83	1.0561859607696533
83	1.1042271852493286
84	1.0430654287338257
84	1.0618712902069092
84	1.0295873880386353
84	1.0788686275482178
84	1.0889801979064941
84	1.3245835304260254
84	1.6409765481948853
84	1.3796597719192505
84	2.036159038543701
84	1.8844845294952393
84	1.6521612405776978
84	2.250199317932129
84	2.131723165512085
84	0.9529306292533875
84	0.9580237865447998
85	0.978455126285553
85	1.1077499389648438
85	0.9071316123008728
85	0.8974133729934692
85	0.9279590249061584
85	1.0920332670211792
85	1.298402190208435
85	1.7414734363555908
85	1.7737457752227783
85	1.7812572717666626
85	1.0073972940444946
85	1.5122960805892944
85	1.4364641904830933
85	1.5806035995483398
85	0.8933221101760864
85	0.9752402305603027
86	0.8518908023834229
86	0.8609940409660339
86	0.8473682999610901
86	0.8934093713760376
86	0.9138306379318237
86	0.9753015637397766
86	0.9914771914482117
86	1.0693482160568237
86	1.4784126281738281
86	1.4172595739364624
86	1.6042243242263794
86	2.096879005432129
86	2.0943572521209717
86	1.770274043083191
86	1.754256248474121
86	2.505983352661133
86	3.391305446624756
86	4.064781665802002
86	3.4698116779327393
86	2.713257074356079
86	3.3426895141601563
86	2.499441385269165
86	0.7924445271492004
86	0.8288984298706055
87	0.80931156873703
87	0.920888364315033
87	0.7650923728942871
87	0.743418276309967
87	0.8520357608795166
87	0.9939202666282654
87	0.899278998374939
87	0.9530673623085022
87	1.206095576286316
87	1.135187029838562
87	1.305163860321045
87	1.311290979385376
87	0.7501717209815979
87	0.8553848266601563
88	0.7073392868041992
88	0.7199587821960449
88	0.7165229320526123
88	0.7734803557395935
88	0.7558866739273071
88	0.794223964214325
88	0.8262446522712708
88	0.857166588306427
88	1.000407099723816
88	0.9779978394508362
88	1.0268986225128174
88	1.560979962348938
88	1.5301941633224487
88	1.3628089427947998
88	1.8828157186508179
88	1.9151288270950317
88	1.4475053548812866
88	1.7757229804992676
88	1.7840062379837036
88	1.8061262369155884
88	0.6976922750473022
88	0.7318817377090454
89	0.7418316006660461
89	0.8313834071159363
89	0.7457069158554077
89	0.7315852046012878
89	0.8885730504989624
89	1.2949132919311523
89	1.0775197744369507
89	1.4374967813491821
89	2.056184768676758
89	2.1345226764678955
89	2.6698129177093506
89	2.484544038772583
89	0.7431877255439758
89	0.840354323387146
90	0.7168421745300293
90	0.7547147274017334
90	0.735471248626709
90	0.7325615286827087
90	0.8113052248954773
90	0.8673126101493835
90	0.8783141374588013
90	0.8526237607002258
90	0.9542950987815857
90	1.0506404638290405
90	0.7515291571617126
90	0.8700888156890869
91	0.718583881855011
91	0.7422417402267456
91	0.7226929068565369
91	0.7843926548957825
91	0.6954753398895264
91	0.698941171169281
91	0.7518388032913208
91	0.7401092648506165
91	0.9623145461082458
91	0.8961365818977356
91	1.435589075088501
91	1.4341384172439575
91	1.437965989112854
91	1.016173243522644
91	1.5504416227340698
91	1.5394163131713867
91	1.5138533115386963
91	0.7293248772621155
91	0.730705976486206
92	0.7813658714294434
92	0.8292523622512817
92	0.8107184171676636
92	0.8373892307281494
92	0.901691734790802
92	0.9518989324569702
92	0.9133221507072449
92	0.9120387434959412
92	0.9991323947906494
92	1.4524970054626465
92	1.474048137664795
92	1.451798915863037
92	0.7770041227340698
92	0.7573017477989197
93	0.8137458562850952
93	0.8678404092788696
93	0.8122745156288147
93	0.804254412651062
93	0.896057665348053
93	0.9416872262954712
93	0.9634192585945129
93	0.9638060331344604
93	1.0887330770492554
93	1.0349228382110596
93	1.1199958324432373
93	1.7195367813110352
93	1.5258593559265137
93	1.2484869956970215
93	1.7763164043426514
93	1.532153606414795
93	1.6873637437820435
93	2.06758975982666
93	1.861263394355774
93	2.3310320377349854
93	2.643062114715576
93	2.785508871078491
93	0.8060664534568787
93	0.8195264935493469
94	0.8426707983016968
94	0.8959968090057373
94	0.8675646781921387
94	0.9075877666473389
94	0.9775921702384949
94	1.2830836772918701
94	1.1838891506195068
94	1.2434446811676025
94	1.7407571077346802
94	1.6073734760284424
94	1.826997995376587
94	2.440430164337158
94	2.4662930965423584
94	0.8261700868606567
94	0.8553386926651001
95	0.80258709192276
95	0.8296960592269897
95	0.777035117149353
95	0.8273336887359619
95	0.7953329086303711
95	0.8089414834976196
95	0.8337838649749756
95	0.8805821537971497
95	0.9710496068000793
95	0.9379345178604126
95	0.9430695176124573
95	1.4808226823806763
95	1.474052906036377
95	0.7272023558616638
95	0.7531649470329285
96	0.6995143890380859
96	0.7239514589309692
96	0.6819658279418945
96	0.6955760717391968
96	0.6926866173744202
96	0.7640113830566406
96	0.767239511013031
96	1.2833882570266724
96	1.3075867891311646
96	1.330482840538025
96	0.6928747296333313
96	0.7757505178451538
96	0.8079407215118408
96	0.8049739003181458
96	1.3567163944244385
96	1.3883224725723267
96	1.308231234550476
96	0.7057058215141296
96	0.7359641194343567
97	0.733599841594696
97	0.7572543025016785
97	0.7722117900848389
97	0.8000158071517944
97	0.837085485458374
97	0.8899163603782654
97	0.9379128813743591
97	1.4188657999038696
97	1.404765009880066
97	1.4564322233200073
97	0.9155961871147156
97	1.4176232814788818
97	1.3860145807266235
97	1.4088321924209595
97	0.781295657157898
97	0.8216641545295715
98	0.7819719314575195
98	0.7923116683959961
98	0.8110840320587158
98	0.8548818230628967
98	0.8875089883804321
98	1.1192128658294678
98	1.2052690982818604
98	1.5339946746826172
98	2.124260902404785
98	2.1265153884887695
98	1.7695512771606445
98	2.266841411590576
98	2.292309522628784
98	0.7909123301506042
98	0.843157172203064
99	0.7593207359313965
99	0.7676439881324768
99	0.759811282157898
99	0.8069891333580017
99	0.7690910696983337
99	0.8519339561462402
99	0.8309147357940674
99	0.7998340129852295
99	0.9102401733398438
99	0.9985934495925903
99	1.4606029987335205
99	1.505152702331543
99	1.5319937467575073
99	0.9408696889877319
99	1.4569015502929688
99	1.450487494468689
99	1.4448424577713013
99	0.7609500288963318
99	0.8016184568405151
100	0.7596727013587952
100	0.7694435119628906
100	0.7908279299736023
100	0.8230933547019958
100	0.8166607618331909
100	0.8494535684585571
100	0.875818133354187
100	0.8301681876182556
100	0.8638818860054016
100	0.9290543794631958
100	0.9218942523002625
100	1.1496528387069702
100	1.6901237964630127
100	1.6561744213104248
100	1.6614720821380615
100	0.8213075995445251
100	0.8703014254570007
101	0.8343686461448669
101	0.8375071287155151
101	0.8949138522148132
101	0.950274646282196
101	0.9559325575828552
101	1.2951489686965942
101	1.1837437152862549
101	1.2464396953582764
101	1.601243019104004
101	1.905083179473877
101	1.7645007371902466
101	2.032130002975464
101	2.161463975906372
101	2.6807620525360107
101	2.8548336029052734
101	3.7020645141601563
101	3.9998042583465576
101	4.853949546813965
101	3.549666404724121
101	4.715501308441162
101	5.513998985290527
101	4.767602443695068
101	0.8986837863922119
101	0.9638853073120117
102	0.866564154624939
102	0.8621739745140076
102	0.8990024924278259
102	0.9602423906326294
102	0.961848258972168
102	1.1305129528045654
102	1.2949581146240234
102	1.3737963438034058
102	2.031475782394409
102	1.837457299232483
102	0.885299563407898
102	0.9493057131767273
103	0.8627030849456787
103	0.8573501110076904
103	0.9176914691925049
103	0.9685037732124329
103	0.9879288077354431
103	1.0964736938476563
103	1.136160135269165
103	1.6086114645004272
103	1.5247660875320435
103	1.6346766948699951
103	1.1591585874557495
103	1.6164069175720215
103	1.6472641229629517
103	1.5829347372055054
103	0.9611126184463501
103	1.0474249124526978
104	0.9681414365768433
104	0.9520574808120728
104	1.053014874458313
104	1.1360987424850464
104	1.1257926225662231
104	1.3866701126098633
104	1.3953754901885986
104	1.1413100957870483
104	1.2244619131088257
104	1.0706770420074463
104	1.1650526523590088
105	1.058984637260437
105	1.0603541135787964
105	1.1336250305175781
105	1.2246875762939453
105	1.2110974788665771
105	1.6169451475143433
105	1.6398346424102783
105	1.3987560272216797
105	1.8924016952514648
105	1.8526092767715454
105	2.0306012630462646
105	2.559293270111084
105	2.515990972518921
105	2.598029851913452
105	3.012388229370117
105	2.9671132564544678
105	3.195099353790283
105	3.5295684337615967
105	3.562138319015503
105	3.5213639736175537
105	1.1508086919784546
105	1.29386305809021
106	1.0978832244873047
106	1.089329719543457
106	1.1455485820770264
106	1.2311551570892334
106	1.187822937965393
106	1.5508252382278442
106	1.5899221897125244
106	1.5045198202133179
106	2.12015700340271
106	2.0365309715270996
106	1.790244221687317
106	2.3438150882720947
106	2.2700209617614746
106	1.139981985092163
106	1.1419519186019897
107	1.204791784286499
107	1.2817898988723755
107	1.2166664600372314
107	1.2325758934020996
107	1.3568222522735596
107	1.4553636312484741
107	1.4087315797805786
107	1.4174773693084717
107	1.8567184209823608
107	1.796157717704773
107	1.1476523876190186
107	1.1794848442077637
108	1.128208875656128
108	1.1966018676757813
108	1.085460901260376
108	1.087637186050415
108	1.0596874952316284
108	1.0900439023971558
108	1.138005018234253
108	1.0409942865371704
108	1.130406379699707
108	1.0071744918823242
108	1.0339791774749756
108	1.1068358421325684
108	1.042831540107727
108	1.0260270833969116
108	1.1088652610778809
108	1.1458492279052734
108	1.1753771305084229
109	1.219498634338379
109	1.2426393032073975
109	1.3077006340026855
109	1.3420535326004028
109	1.4211093187332153
109	1.4499359130859375
109	1.5256870985031128
109	1.4606976509094238
109	1.4286047220230103
109	1.327868938446045
109	1.4171667098999023
110	1.3005963563919067
110	1.2890924215316772
110	1.3415369987487793
110	1.4190888404846191
110	1.4686895608901978
110	1.649393916130066
110	1.5939104557037354
110	1.7865498065948486
110	2.176921844482422
110	2.2290282249450684
110	2.1314830780029297
110	2.4366798400878906
110	2.5052783489227295
110	2.73190975189209
110	3.124033212661743
110	3.1259734630584717
110	3.275850772857666
110	3.6246044635772705
110	3.5785751342773438
110	3.6287753582000732
110	1.248971700668335
110	1.2797809839248657
111	1.1894452571868896
111	1.2252708673477173
111	1.1270798444747925
111	1.1732350587844849
111	1.0639063119888306
111	1.0713250637054443
111	1.0705482959747314
111	1.1286776065826416
111	1.2434121370315552
111	1.2547171115875244
111	1.1201194524765015
111	1.1962926387786865
111	1.1342217922210693
111	1.2793227434158325
111	1.462295413017273
111	1.4128097295761108
111	1.4929476976394653
111	1.7322394847869873
111	1.3764381408691406
111	1.6833882331848145
111	1.8906381130218506
111	1.779855728149414
111	1.1097596883773804
111	1.1351996660232544
112	1.1219950914382935
112	1.1596630811691284
112	1.1372861862182617
112	1.1789591312408447
112	1.198529601097107
112	1.3410615921020508
112	1.4664921760559082
112	1.546152114868164
112	1.7521613836288452
112	1.0960568189620972
112	1.136986255645752
113	1.056702733039856
113	1.075649619102478
113	1.0202853679656982
113	1.0536965131759644
113	1.0239911079406738
113	1.0447094440460205
113	1.0816818475723267
113	1.0477348566055298
113	1.1366735696792603
113	0.9772100448608398
113	1.015433669090271
114	0.9436411261558533
114	0.9792530536651611
114	0.895893931388855
114	0.9061844944953918
114	0.9158170819282532
114	0.9766837954521179
114	0.9688054919242859
114	0.8743037581443787
114	0.9071727991104126
114	1.0031185150146484
114	0.9197321534156799
114	1.0273829698562622
114	0.8971991539001465
114	0.9651790857315063
114	0.904055118560791
114	1.0026881694793701
114	0.9114909768104553
114	1.0083041191101074
114	0.8563196659088135
114	0.8854919672012329
115	0.8344250321388245
115	0.8657675385475159
115	0.8033904433250427
115	0.8121688365936279
115	0.8496677279472351
115	0.897118330001831
115	0.8940306305885315
115	1.3798233270645142
115	1.3877770900726318
115	1.3988428115844727
115	0.9325727820396423
115	1.4135160446166992
115	1.4167041778564453
115	1.4271806478500366
115	0.7599807381629944
115	0.791907787322998
116	0.7307484745979309
116	0.7577660083770752
116	0.6948449611663818
116	0.7245324850082397
116	0.7553321123123169
116	0.8588588237762451
116	0.8283199667930603
116	0.8377566337585449
116	1.5818570852279663
116	0.6671091914176941
116	0.7198582291603088
117	0.6478140950202942
117	0.6837305426597595
117	0.6181257963180542
117	0.622683584690094
117	0.6750418543815613
117	0.7141960859298706
117	0.711643636226654
117	1.2634193897247314
117	1.265256643295288
117	1.2825130224227905
117	0.7652130126953125
117	1.3234282732009888
117	1.2901017665863037
117	1.313875436782837
117	0.5876415371894836
117	0.652330756187439
118	0.5496266484260559
118	0.5822335481643677
118	0.5238319635391235
118	0.5480025410652161
118	0.6063287854194641
118	1.2425767183303833
118	1.1525136232376099
118	1.1545109748840332
118	1.9785634279251099
118	2.073542594909668
118	2.6134097576141357
118	2.6375653743743896
118	2.5650155544281006
118	1.3796511888504028
118	1.8464096784591675
118	1.9300366640090942
118	1.8130055665969849
118	0.4963180124759674
118	0.5834470987319946
119	0.47485417127609253
119	0.5178571939468384
119	0.4826817512512207
119	0.5205171704292297
119	0.5413753390312195
119	0.6009143590927124
119	0.6591427326202393
119	0.6107485890388489
119	1.1103878021240234
119	0.953347384929657
119	1.5156588554382324
119	1.544572114944458
119	1.5528687238693237
119	1.0933606624603271
119	1.6758452653884888
119	1.6118685007095337
119	1.6848218441009521
119	0.4887370467185974
119	0.5365009307861328
120	0.5220130681991577
120	0.5722718238830566
120	0.5712376832962036
120	0.6043258309364319
120	0.645618736743927
120	0.6912077069282532
120	0.7046416401863098
120	0.7353252172470093
120	0.7740811109542847
120	0.590114951133728
120	0.6534641981124878
121	0.7707248330116272
121	0.9526392221450806
121	0.7817480564117432
121	0.8312159776687622
121	0.9118776917457581
121	1.240139365196228
121	1.249524474143982
121	1.750869631767273
121	2.229652166366577
121	1.2241355180740356
121	2.1807281970977783
121	2.7451744079589844
121	2.350229024887085
121	1.9707121849060059
121	2.6162991523742676
121	0.7475544214248657
121	0.8068121075630188
122	0.7727293372154236
122	0.851516842842102
122	0.8078707456588745
122	0.8789248466491699
122	0.8726930618286133
122	0.8550465106964111
122	1.0074125528335571
123	0.933598518371582
123	1.0358293056488037
123	1.0435736179351807
123	1.0683493614196777
123	1.25081205368042
123	1.6022711992263794
123	1.7193199396133423
123	1.6970118284225464
123	2.2645881175994873
123	2.2392265796661377
123	1.893166184425354
123	2.3850765228271484
123	2.3106377124786377
123	1.1821016073226929
123	1.4459900856018066
124	1.2547610998153687
124	1.324553370475769
124	1.4755600690841675
124	1.8121601343154907
124	1.8528255224227905
124	2.057056427001953
124	1.9476627111434937
124	2.459425926208496
124	2.6804211139678955
124	2.769810914993286
124	3.0601351261138916
124	3.590284585952759
124	3.5069589614868164
124	1.3771450519561768
124	1.5467109680175781
125	1.5153475999832153
125	1.7370846271514893
125	1.6936428546905518
125	1.8407378196716309
125	2.0148227214813232
125	1.4939700365066528
125	1.8391011953353882
126	1.112259864807129
126	1.082802176475525
126	1.0047882795333862
126	1.1441482305526733
126	1.0784761905670166
126	1.7231106758117676
126	1.4741754531860352
126	2.045877695083618
126	1.9763063192367554
126	1.9609191417694092
126	1.6090952157974243
126	2.177938938140869
126	2.261758804321289
126	1.938920259475708
126	2.325416326522827
126	2.349400281906128
126	2.360090494155884
126	0.9152795672416687
126	1.0343230962753296
127	0.9237422943115234
127	1.0997841358184814
127	0.8538594841957092
127	0.8676697015762329
127	0.9277978539466858
127	1.1865216493606567
127	1.5164213180541992
127	2.0062294006347656
127	2.0918209552764893
127	2.0796284675598145
127	1.757290005683899
127	2.480030059814453
127	2.243905544281006
127	2.057692289352417
127	2.459617853164673
127	2.4492251873016357
127	2.4434144496917725
127	0.8030861020088196
127	0.8627975583076477
128	0.7715502381324768
128	0.7967479825019836
128	0.7589817643165588
128	0.7911065816879272
128	0.7867408394813538
128	0.8258746266365051
128	0.8629909157752991
128	0.8361005187034607
128	1.445732831954956
128	2.2483508586883545
128	1.5389211177825928
128	2.3429439067840576
128	1.117634892463684
128	1.2731373310089111
128	1.5332188606262207
128	2.3445982933044434
128	1.6235108375549316
128	2.4446094036102295
128	0.7529762983322144
128	0.8214146494865417
129	0.7364135384559631
129	0.7593739032745361
129	0.7510948181152344
129	0.7941412329673767
129	0.7890822291374207
129	0.7809839844703674
129	0.8683671951293945
130	0.7838848829269409
130	0.7885268926620483
130	0.8304391503334045
130	0.8450462222099304
130	0.8565690517425537
130	0.9195098876953125
130	0.8909896612167358
130	1.013643741607666
130	0.8570265769958496
130	1.3181273937225342
130	1.3840385675430298
130	1.3421963453292847
130	0.8902668356895447
130	0.9787538051605225
131	0.9028586149215698
131	0.9160102605819702
131	0.9579359292984009
131	0.9999359846115112
131	1.026904821395874
131	1.1047283411026
131	1.0750936269760132
131	1.0150065422058105
131	0.9582645893096924
131	1.1406073570251465
131	1.1629225015640259
131	1.2492177486419678
131	0.9660021662712097
131	1.105528473854065
132	0.9278290867805481
132	0.9552926421165466
132	0.972181499004364
132	1.1044832468032837
132	1.0707167387008667
132	0.8639061450958252
132	0.8205183148384094
133	0.8983544707298279
133	1.0176565647125244
133	1.1119410991668701
133	1.0918796062469482
133	0.8689912557601929
133	0.8885083198547363
133	0.9761647582054138
133	1.111796259880066
133	1.0848346948623657
133	1.0689408779144287
133	1.188947081565857
133	1.2578665018081665
133	0.8140738606452942
133	0.8661917448043823
134	0.7715300917625427
134	0.8039528727531433
134	0.7459961175918579
134	0.811249852180481
134	0.773186445236206
134	1.3262189626693726
134	1.3303016424179077
134	1.9255629777908325
134	1.8900821208953857
134	1.876060128211975
134	1.469218373298645
134	2.006993293762207
134	2.0085346698760986
134	2.049406051635742
134	0.7699319124221802
134	0.8320958614349365
135	0.8320509791374207
135	0.898465096950531
135	0.8806129097938538
135	0.9220235347747803
135	0.9932904839515686
135	1.0757642984390259
135	1.0435454845428467
135	1.106063961982727
135	1.1764613389968872
135	1.2862110137939453
135	0.8574745655059814
135	0.8755840063095093
136	0.8865416646003723
136	0.9453257918357849
136	0.9017291069030762
136	0.9178785681724548
136	0.9746891260147095
136	1.333598017692566
136	1.2872323989868164
136	1.4217352867126465
136	2.1612870693206787
136	1.7808728218078613
136	2.2373032569885254
136	2.2428948879241943
136	2.2145488262176514
136	1.9328906536102295
136	2.3740832805633545
136	2.363147258758545
136	2.4413933753967285
136	0.9197781682014465
136	0.9384863376617432
137	0.9702011942863464
137	1.0059689283370972
137	1.014221429824829
137	1.0509768724441528
137	1.114073634147644
137	1.1203842163085938
137	1.1979737281799316
137	1.2053518295288086
137	1.2806777954101563
137	1.2131454944610596
137	1.3439666032791138
137	1.4239073991775513
137	1.457950472831726
137	1.4046225547790527
137	1.424306869506836
137	1.5415998697280884
137	1.453714370727539
137	1.7658796310424805
137	1.7746213674545288
137	1.774885892868042
137	0.9850874543190002
137	1.0187028646469116
138	0.9722707867622375
138	1.000425100326538
138	0.9937549829483032
138	1.0638476610183716
138	1.0809112787246704
138	1.506300687789917
138	1.5977811813354492
138	1.4389630556106567
138	2.041503667831421
138	2.08463716506958
138	1.818603277206421
138	2.2813453674316406
138	2.2966408729553223
138	2.2333991527557373
138	2.5178871154785156
138	2.6907260417938232
138	2.8070828914642334
138	3.178508758544922
138	3.164274215698242
138	3.1795408725738525
138	0.9493653178215027
138	1.0102100372314453
139	0.902075469493866
139	0.8989277482032776
139	0.9077560901641846
139	0.9566890001296997
139	0.9059733748435974
139	0.9448703527450562
139	0.9819515943527222
139	1.4939684867858887
139	1.476293921470642
139	1.382539987564087
139	0.9487699270248413
139	1.5201330184936523
139	1.3840386867523193
139	1.4651861190795898
139	2.0290286540985107
139	1.993053674697876
139	2.011211395263672
139	0.9368804693222046
139	1.001649022102356
140	0.943818211555481
140	0.943479061126709
140	1.0093070268630981
140	1.056860327720642
140	1.064268946647644
140	1.1944859027862549
140	1.1955021619796753
140	1.314875841140747
140	1.2792490720748901
140	1.7135767936706543
140	1.7546316385269165
140	1.697821021080017
140	1.040113091468811
140	1.1203988790512085
141	1.0179517269134521
141	1.0054811239242554
141	1.0588324069976807
141	1.1331337690353394
141	1.1301345825195313
141	1.4455550909042358
141	1.4778985977172852
141	1.6047362089157104
141	2.277346611022949
141	2.191955804824829
141	2.727130651473999
141	2.472529888153076
141	1.055332064628601
141	1.1675643920898438
142	0.9985959529876709
142	0.9765910506248474
142	1.035158634185791
142	1.0960376262664795
142	1.023559808731079
142	1.024432897567749
142	1.1095445156097412
142	1.0108866691589355
142	1.6947314739227295
142	2.4843597412109375
142	1.733089566230774
142	2.5127923488616943
142	1.1831468343734741
142	1.3198281526565552
142	1.4072989225387573
142	2.1263203620910645
142	1.495668649673462
142	2.24418044090271
142	1.0895380973815918
142	1.198857069015503
143	1.0847253799438477
143	1.0693739652633667
143	1.169357180595398
143	1.1808491945266724
143	1.1870076656341553
143	1.2715559005737305
143	1.3076304197311401
143	1.0729871988296509
143	1.3703246116638184
143	2.0446791648864746
143	1.3468917608261108
143	1.983188271522522
143	1.1114827394485474
143	1.2219592332839966
143	1.6190605163574219
143	2.316298484802246
143	1.6672972440719604
143	2.4046809673309326
143	1.3271334171295166
143	1.4499543905258179
144	1.3972162008285522
144	1.3689382076263428
144	1.6030560731887817
144	1.703381896018982
144	1.6463470458984375
144	1.9150971174240112
144	1.6397579908370972
144	1.8456896543502808
144	1.9156748056411743
144	2.168820381164551
144	1.9704675674438477
144	1.9692306518554688
144	2.0613975524902344
144	2.180314302444458
144	2.239201545715332
144	2.4145421981811523
144	2.500947952270508
144	2.744562864303589
144	2.4068989753723145
144	2.682091474533081
144	2.9071028232574463
144	2.7157442569732666
144	1.81390380859375
144	1.867247462272644
145	2.0504963397979736
145	2.1016006469726563
145	2.321682929992676
145	2.542121648788452
145	2.352320909500122
145	2.450186014175415
145	2.676145076751709
146	2.432854652404785
146	2.3249919414520264
146	2.702023983001709
146	2.9015774726867676
146	2.91562819480896
146	3.175081968307495
146	3.0531163215637207
146	2.748469591140747
146	3.000498056411743
146	2.799199104309082
146	2.6597437858581543
146	2.9525396823883057
147	2.422020673751831
147	2.310250997543335
147	2.471069812774658
147	2.754512071609497
147	2.439612627029419
147	2.214862823486328
147	2.587061643600464
147	2.672952651977539
147	2.8886733055114746
147	2.794551134109497
147	3.085388660430908
147	3.334947109222412
147	3.4007415771484375
147	3.2903575897216797
147	3.447798013687134
147	3.5906310081481934
147	4.050436496734619
147	4.524909019470215
147	4.093355655670166
147	3.787818670272827
147	4.1237993240356445
147	3.808537721633911
147	2.319319248199463
147	2.9647703170776367
148	1.8180726766586304
148	1.8921008110046387
148	1.7271326780319214
148	1.9415132999420166
148	1.7092078924179077
148	1.9333972930908203
148	1.8927512168884277
148	2.2824862003326416
148	2.656256675720215
148	1.6296186447143555
148	1.6497374773025513
149	1.655334234237671
149	1.7681303024291992
149	1.664991021156311
149	1.743267297744751
149	1.8831175565719604
149	2.1518261432647705
149	1.942139983177185
149	2.6166226863861084
149	3.0550389289855957
149	3.010533332824707
149	3.0439224243164063
149	3.303025722503662
149	3.2851758003234863
149	3.4142048358917236
149	3.5348334312438965
149	3.956686496734619
149	4.282078742980957
149	4.818926811218262
149	4.167520523071289
149	4.4930219650268555
149	4.978937149047852
149	4.550992965698242
149	1.5221091508865356
149	1.5959091186523438
150	1.4545764923095703
150	1.5400344133377075
150	1.4163583517074585
150	1.5071184635162354
150	1.5742743015289307
150	1.96027672290802
150	1.875175952911377
150	1.6015775203704834
150	1.7654389142990112
150	1.2926021814346313
150	1.328049659729004
151	1.2376285791397095
151	1.3070907592773438
151	1.187238097190857
151	1.2364989519119263
151	1.2322863340377808
151	1.46757972240448
151	1.4893416166305542
151	1.3879859447479248
151	1.943269968032837
151	1.8305734395980835
151	2.289395809173584
151	2.2802765369415283
151	2.2847158908843994
151	1.664353847503662
151	2.08298659324646
151	2.1062192916870117
151	2.1283459663391113
151	1.179132103919983
151	1.245251178741455
152	1.1960934400558472
152	1.253131628036499
152	1.239830732345581
152	1.2607312202453613
152	1.3785077333450317
152	1.8303085565567017
152	1.8971854448318481
152	2.248788356781006
152	1.8520598411560059
152	2.380993604660034
152	2.27714204788208
152	2.343331813812256
152	1.2478700876235962
152	1.3389077186584473
153	1.2467197179794312
153	1.2708317041397095
153	1.29518461227417
153	1.3766781091690063
153	1.3515926599502563
153	1.2513375282287598
153	1.36668860912323
154	1.1680443286895752
154	1.1770038604736328
154	1.1492875814437866
154	1.2202142477035522
154	1.1561338901519775
154	1.138170838356018
154	1.2007217407226563
154	1.2182679176330566
154	1.2841821908950806
154	1.3339087963104248
154	1.3444242477416992
154	1.4815222024917603
154	1.4447706937789917
154	1.515394687652588
154	1.8078866004943848
154	1.814803957939148
154	1.3537802696228027
154	1.6635242700576782
154	1.6770391464233398
154	1.6692861318588257
154	1.078873872756958
154	1.0808749198913574
155	1.0559720993041992
155	1.0948768854141235
155	1.1306390762329102
155	1.1955230236053467
155	1.0187772512435913
155	1.0388274192810059
155	1.0958619117736816
155	1.3355234861373901
155	1.3788689374923706
155	1.1091352701187134
155	1.365680456161499
155	1.3593780994415283
155	0.9728227853775024
155	1.0178587436676025
156	0.9362503290176392
156	0.9607173800468445
156	0.8975479006767273
156	0.9307293891906738
156	0.9226865172386169
156	0.9702503085136414
156	0.980400562286377
156	0.9763827919960022
156	1.1315088272094727
156	1.1664502620697021
156	1.0059373378753662
156	1.5954606533050537
156	1.5392857789993286
156	1.302141785621643
156	1.927954912185669
156	1.9487031698226929
156	1.1743621826171875
156	1.5415235757827759
156	1.5256694555282593
156	1.5401057004928589
156	0.8432210087776184
156	0.8600444793701172
157	0.8265056014060974
157	0.8632334470748901
157	0.8019601702690125
157	0.814788818359375
157	0.860467255115509
157	0.9024226665496826
157	0.9015299677848816
157	0.9253653287887573
157	1.0835293531417847
157	1.0751159191131592
157	1.5559889078140259
157	1.5483012199401855
157	1.5494786500930786
157	1.0998579263687134
157	1.5570547580718994
157	1.589645266532898
157	1.57880437374115
157	0.7524934411048889
157	0.7825666666030884
158	0.7261530160903931
158	0.7682933807373047
158	0.6846988797187805
158	0.683445394039154
158	0.7043918967247009
158	0.7823900580406189
158	0.7929691672325134
158	0.7403960227966309
158	1.425751805305481
158	2.2510247230529785
158	1.5217880010604858
158	2.343977928161621
158	1.0949770212173462
158	1.293653130531311
158	1.467502236366272
158	2.282503128051758
158	1.5876820087432861
158	2.4318795204162598
158	0.6817216873168945
158	0.7443224191665649
159	0.6682618856430054
159	0.6941353678703308
159	0.6696785688400269
159	0.6915396451950073
159	0.7410326600074768
159	0.7641541957855225
159	0.8279386758804321
159	1.3198193311691284
159	1.3595147132873535
159	1.3713895082473755
159	0.8632779717445374
159	1.4679107666015625
159	1.379662036895752
159	1.3356934785842896
159	1.8771147727966309
159	1.907945156097412
159	1.900974988937378
159	0.6358391642570496
159	0.6630700826644897
160	0.6394831538200378
160	0.6735748648643494
160	0.643912672996521
160	0.658126711845398
160	0.6831038594245911
160	0.7378965616226196
160	0.79450923204422
160	1.3447866439819336
160	1.32474684715271
160	1.3266780376434326
160	0.7418459057807922
160	1.4284437894821167
160	1.3935303688049316
160	1.3143410682678223
160	1.9162286520004272
160	1.9254744052886963
160	1.90961754322052
160	0.6968997120857239
160	0.7898432016372681
161	0.7244521379470825
161	0.732028603553772
161	0.7823458313941956
161	0.7552262544631958
161	0.9423360228538513
161	1.4411444664001465
161	1.2218492031097412
161	0.8357313275337219
161	1.2605814933776855
161	0.9165104627609253
161	0.8529695272445679
161	1.0491441488265991
161	0.95753413438797
161	1.1355254650115967
161	1.028659462928772
161	0.8279519081115723
161	0.9766872525215149
162	0.8199692368507385
162	0.8542680144309998
162	0.8849084377288818
162	1.000864028930664
162	0.9993293881416321
162	1.4676142930984497
162	1.4484710693359375
162	1.491312861442566
162	0.8255860209465027
162	0.8058925271034241
163	0.8851945400238037
163	1.003286600112915
163	0.8577474355697632
163	0.7811908721923828
163	0.9626762866973877
163	1.0717648267745972
163	1.0278902053833008
163	0.9832704067230225
163	1.4138107299804688
163	0.9322537183761597
163	1.0824975967407227
164	0.9012913703918457
164	0.8538317680358887
164	0.9914194941520691
164	1.0799291133880615
164	0.9082810878753662
164	0.9185737371444702
164	0.9985527992248535
164	0.8232662081718445
164	0.8512647747993469
164	0.9063753485679626
164	0.8332055807113647
164	0.878941535949707
164	0.9560176134109497
164	0.8761927485466003
164	1.1046370267868042
164	1.3272007703781128
164	2.0869333744049072
164	2.7115042209625244
164	2.1108627319335938
164	1.4324619770050049
164	1.982466697692871
164	1.1693803071975708
164	1.1168186664581299
164	1.3196890354156494
165	1.1076842546463013
165	1.1178381443023682
165	1.2110861539840698
165	1.2396208047866821
165	1.3570491075515747
165	1.1888662576675415
165	1.1823396682739258
166	1.2723157405853271
166	1.369491696357727
166	1.3115801811218262
166	1.3336902856826782
166	1.5170994997024536
166	1.928387999534607
166	1.8391579389572144
166	2.17362380027771
166	2.0991077423095703
166	2.5450732707977295
166	2.591628313064575
166	2.5427639484405518
166	1.2444454431533813
166	1.3117148876190186
167	1.2113597393035889
167	1.2689424753189087
167	1.1882437467575073
167	1.2736951112747192
167	1.3615610599517822
167	1.634338617324829
167	1.6512597799301147
167	1.9624836444854736
167	2.5150563716888428
167	2.491497755050659
167	2.260875701904297
167	2.7623414993286133
167	2.69731068611145
167	1.0080560445785522
167	1.0114424228668213
168	0.9761014580726624
168	1.1035672426223755
168	0.8789967894554138
168	0.8599401712417603
168	0.9168745875358582
168	1.1389235258102417
168	1.0454219579696655
168	0.9103418588638306
168	1.1685166358947754
168	1.2135995626449585
168	1.6856144666671753
168	1.7170040607452393
168	1.6810176372528076
168	1.0630946159362793
168	1.5541608333587646
168	1.5226047039031982
168	1.5955195426940918
168	0.8873604536056519
168	1.0019882917404175
169	0.8797757625579834
169	0.9287257790565491
169	0.9066930413246155
169	0.9400411248207092
169	1.048784613609314
169	1.2205368280410767
169	1.1121923923492432
169	1.1698849201202393
169	1.6861906051635742
169	1.652260661125183
169	0.842369556427002
169	0.825416088104248
170	0.8895774483680725
170	0.9848707914352417
170	0.8927639722824097
170	0.8962536454200745
170	1.019612431526184
170	1.3784174919128418
170	1.5063852071762085
170	1.3072645664215088
170	1.9094089269638062
170	0.9254292249679565
170	1.0797393321990967
171	1.0014430284500122
171	1.1267200708389282
171	1.1158373355865479
171	1.3304723501205444
171	1.2242013216018677
171	1.1107373237609863
171	1.2308214902877808
172	1.2575104236602783
172	1.4170891046524048
172	1.3954029083251953
172	1.5033531188964844
172	1.6819778680801392
172	1.9730186462402344
172	2.1397054195404053
172	2.5174407958984375
172	2.5491702556610107
172	2.590284585952759
172	2.134079694747925
172	2.369666814804077
172	2.579349994659424
172	2.8542354106903076
172	3.2740707397460938
172	3.3044183254241943
172	3.254211187362671
172	1.3845396041870117
172	1.4424182176589966
173	1.5174074172973633
173	1.6519098281860352
173	1.6439112424850464
173	1.637499213218689
173	1.9417675733566284
173	2.142848491668701
173	2.2394492626190186
173	2.127587080001831
173	2.38299822807312
173	2.2672641277313232
173	2.477903366088867
173	2.887946605682373
173	2.8861031532287598
173	1.6930413246154785
173	1.80904221534729
174	1.7454243898391724
174	1.7710446119308472
174	1.8965623378753662
174	2.0534021854400635
174	2.1840760707855225
174	2.448054075241089
174	2.465082883834839
174	2.7430896759033203
174	2.695955753326416
174	3.0961828231811523
174	3.0770986080169678
174	3.0661416053771973
174	1.7653040885925293
174	1.9898734092712402
185	1.6602160930633545
185	1.787825345993042
185	1.659456491470337
185	1.7723362445831299
185	1.8327759504318237
185	2.276554584503174
185	2.017634868621826
185	2.787593364715576
185	3.2194817066192627
185	2.0675084590911865
185	3.2923920154571533
185	4.087642669677734
185	3.0727128982543945
185	2.4455742835998535
185	2.770446300506592
185	1.5865596532821655
185	1.607193946838379
186	1.6689703464508057
186	1.822709321975708
186	1.6729389429092407
186	1.7038629055023193
186	1.9202243089675903
186	2.20180082321167
186	2.2436461448669434
186	2.2497851848602295
186	2.6209354400634766
186	2.6470110416412354
186	2.719960927963257
186	3.0409793853759766
186	3.0463550090789795
186	3.315082311630249
186	3.6635630130767822
186	3.594726324081421
186	3.936133861541748
186	4.232569694519043
186	4.261110782623291
186	4.277534484863281
186	1.5581070184707642
186	1.6044927835464478
187	1.5262916088104248
187	1.618660807609558
187	1.4711952209472656
187	1.509533166885376
187	1.540510654449463
187	1.7286500930786133
187	1.9768809080123901
187	2.3794472217559814
187	2.3792178630828857
187	2.3575000762939453
187	1.6310445070266724
187	2.006523609161377
187	2.046490430831909
187	2.0948808193206787
187	2.52341890335083
187	2.524810552597046
187	2.5616531372070313
187	1.4811354875564575
187	1.5548971891403198
188	1.5258145332336426
188	1.6342761516571045
188	1.6575154066085815
188	1.7213040590286255
188	1.601771593093872
188	1.703724980354309
188	1.8451961278915405
188	2.103229522705078
188	2.027454376220703
188	1.802856206893921
188	1.9387409687042236
188	1.9189949035644531
188	1.5341755151748657
188	1.687299132347107
189	1.6018086671829224
189	1.7946103811264038
189	1.6796892881393433
189	1.7849334478378296
189	2.062924861907959
189	2.508183717727661
189	2.6291511058807373
189	3.1375656127929688
189	2.988072633743286
189	3.0319361686706543
189	2.4961953163146973
189	2.8834760189056396
189	2.915736198425293
189	2.91076922416687
189	1.6095548868179321
189	2.060762405395508
190	1.4318767786026
190	1.6540921926498413
190	1.3685141801834106
190	1.4563109874725342
190	1.4936071634292603
190	1.820480465888977
190	1.6135121583938599
190	1.8371659517288208
190	2.316509246826172
190	2.351978302001953
190	1.9607155323028564
190	2.430634021759033
190	2.400020122528076
190	1.3192827701568604
190	1.5377177000045776
191	1.3174378871917725
191	1.4749250411987305
191	1.3579355478286743
191	1.4656504392623901
191	1.6741379499435425
191	2.048754930496216
191	2.0934131145477295
191	2.016037940979004
191	1.1756923198699951
191	1.2029997110366821
192	1.1054649353027344
192	1.1911993026733398
192	1.031833529472351
192	1.0786041021347046
192	1.0755958557128906
192	1.1325913667678833
192	1.1824980974197388
192	1.1335822343826294
192	1.6387240886688232
192	1.5062249898910522
192	0.9746882319450378
192	1.017357587814331
193	0.9656784534454346
193	1.0519338846206665
193	0.930889904499054
193	0.926937997341156
193	0.9657284617424011
193	1.0983161926269531
193	1.0497462749481201
193	0.9667119979858398
193	1.132321834564209
193	1.2752071619033813
193	1.2954069375991821
193	1.5275286436080933
193	1.318021535873413
193	1.5303066968917847
193	1.0595911741256714
193	1.1610267162322998
193	1.2371740341186523
193	1.4426283836364746
193	0.9118014574050903
193	0.9662351012229919
194	0.8808352947235107
194	0.9006325602531433
194	0.8580940365791321
194	0.8889689445495605
194	0.898923933506012
194	0.9862521886825562
194	0.9498749375343323
194	0.9073046445846558
194	1.0798004865646362
194	1.0603982210159302
194	1.572187066078186
194	1.5616085529327393
194	1.524855375289917
194	1.1764894723892212
194	1.6457843780517578
194	1.6600961685180664
194	1.6661646366119385
194	0.8038016557693481
194	0.8201385140419006
195	0.7733161449432373
195	0.8107940554618835
195	0.7259975075721741
195	0.7160772085189819
195	0.762577474117279
195	0.8752488493919373
195	0.8153920769691467
195	0.8220095038414001
195	1.1451597213745117
195	1.4678199291229248
195	1.3417978286743164
195	1.7576708793640137
195	1.239645004272461
195	1.536212682723999
195	1.2496213912963867
195	1.063252568244934
195	1.382340669631958
195	1.2234504222869873
195	1.5678812265396118
195	0.7256202697753906
195	0.8093491196632385
196	0.7025277018547058
196	0.7309435606002808
196	0.7044290900230408
196	0.744299054145813
196	0.7821611762046814
196	1.3182045221328735
196	1.33634352684021
196	1.2986615896224976
196	0.6577715277671814
196	0.7163861393928528
197	0.6461671590805054
197	0.7094008922576904
197	0.6194444298744202
197	0.6415343880653381
197	0.648861289024353
197	0.7186068892478943
197	0.6722135543823242
197	0.7213905453681946
197	0.8016344308853149
197	0.9599671363830566
197	0.9401636123657227
197	1.167248010635376
197	0.986223578453064
197	1.172419786453247
197	1.5964925289154053
197	0.9931434988975525
197	1.242954969406128
197	1.09405517578125
197	1.374560832977295
197	0.6161011457443237
197	0.6884475350379944
198	0.6100769639015198
198	0.6804410815238953
198	0.6128070950508118
198	0.6756538152694702
198	0.6899688839912415
198	0.7758397459983826
198	0.7574982047080994
198	0.7039939165115356
198	1.0759551525115967
198	0.566805899143219
198	0.6202369928359985
199	0.5584347248077393
199	0.6285786628723145
199	0.5427285432815552
199	0.5728098750114441
199	0.5530523657798767
199	0.5886070132255554
199	0.6072472929954529
199	0.646594226360321
199	0.6170653700828552
199	1.0968856811523438
199	1.1956831216812134
199	1.0963447093963623
199	0.5757977366447449
199	0.6211121082305908
200	0.635898232460022
200	0.7063226699829102
200	0.712149977684021
200	0.7677210569381714
200	0.8345083594322205
200	1.361390471458435
200	1.358586311340332
200	1.356964111328125
200	0.7308184504508972
200	0.7454195618629456
201	0.8243269920349121
201	1.0024100542068481
201	1.1552397012710571
201	1.0774396657943726
201	0.8955270648002625
201	0.8872283697128296
201	1.060023307800293
201	1.180497646331787
201	1.3467782735824585
201	1.153025507926941
201	1.3224740028381348
201	1.5137953758239746
201	0.9897239804267883
201	1.1296178102493286
202	1.0520262718200684
202	1.0675125122070313
202	1.230392336845398
202	1.3737868070602417
202	1.3879890441894531
202	1.1305944919586182
202	1.259065866470337
203	0.9548425078392029
203	0.9176811575889587
203	0.8889546394348145
203	0.9711925983428955
203	0.839331328868866
203	0.8139005303382874
203	0.8488138318061829
203	0.9248828887939453
203	1.2806352376937866
203	2.011066436767578
203	1.327612280845642
203	2.0212957859039307
203	1.1604113578796387
203	1.3271567821502686
203	1.6047008037567139
203	1.7117570638656616
203	2.484720468521118
203	1.816286325454712
203	2.6426618099212646
203	0.8333076238632202
203	0.8277284502983093
204	0.8482733368873596
204	0.9058094024658203
204	0.8270151615142822
204	0.8845844864845276
204	0.9069818258285522
204	1.0102219581604004
204	0.9044893980026245
204	0.9664457440376282
204	1.0003412961959839
204	1.0186715126037598
204	1.1188998222351074
204	1.2200034856796265
204	1.1995586156845093
204	1.3706090450286865
204	1.5973349809646606
204	1.0969340801239014
204	1.1796648502349854
204	1.20458984375
204	1.3537324666976929
204	0.7258111238479614
204	0.6865452527999878
205	0.7525501847267151
205	0.8474674224853516
205	0.7189987301826477
205	0.6941861510276794
205	0.7658661007881165
205	0.8077932000160217
205	0.8425964117050171
205	0.8462426066398621
205	1.1825908422470093
205	0.7740216851234436
205	0.944447934627533
206	0.7269956469535828
206	0.723683774471283
206	0.7886170148849487
206	0.7856441736221313
206	0.9562945365905762
206	1.202100396156311
206	1.0726057291030884
206	0.9548124670982361
206	1.2192763090133667
206	1.4464480876922607
206	1.298815369606018
206	1.5337510108947754
206	1.1235742568969727
206	0.931532621383667
206	1.023095726966858
206	1.0947940349578857
206	1.2369333505630493
206	1.4660614728927612
206	1.283247947692871
206	1.50312077999115
206	1.316603422164917
206	1.5426121950149536
206	0.8285782933235168
206	0.9613888263702393
207	0.8178168535232544
207	0.820343554019928
207	0.927812397480011
207	1.0960696935653687
207	1.050990343093872
207	1.2317951917648315
207	1.2548329830169678
207	1.1669726371765137
207	1.8392980098724365
207	1.7116724252700806
207	1.103087067604065
207	1.5049128532409668
207	1.455619215965271
207	1.3454997539520264
207	1.7322125434875488
207	1.2447706460952759
207	1.060065746307373
207	1.1444729566574097
207	1.0311264991760254
207	1.6148736476898193
207	1.6063618659973145
207	1.934935450553894
207	0.9154617190361023
207	0.9104558825492859
208	1.0392746925354004
208	1.1880956888198853
208	1.06736159324646
208	1.1203322410583496
208	1.3005167245864868
208	1.5637487173080444
208	1.5507580041885376
208	1.5372318029403687
208	2.06839919090271
208	1.7830777168273926
208	2.1258785724639893
208	1.9621764421463013
208	0.9649785161018372
208	1.0059900283813477
209	1.0112035274505615
209	1.1440643072128296
209	1.0391801595687866
209	1.1005299091339111
209	1.2588852643966675
209	1.6211572885513306
209	1.8885786533355713
209	1.5646690130233765
209	1.7966153621673584
209	1.0270802974700928
209	1.1565227508544922
210	1.0835386514663696
210	1.1689380407333374
210	1.228324055671692
210	1.301790714263916
210	1.4575107097625732
210	1.6781617403030396
210	1.711419701576233
210	1.990268349647522
210	2.3516013622283936
210	2.4818012714385986
210	2.5101661682128906
210	2.845426559448242
210	2.8271522521972656
210	3.1907870769500732
210	3.5296690464019775
210	3.51497220993042
210	3.871889352798462
210	4.202467918395996
210	4.209734916687012
210	4.22240686416626
210	1.2441774606704712
210	1.4506359100341797
211	1.1437256336212158
211	1.1304373741149902
211	1.1887179613113403
211	1.4127784967422485
211	1.3395750522613525
211	1.3144221305847168
211	1.42874014377594
211	1.721431016921997
211	2.173161029815674
211	2.1685631275177
211	0.9998860359191895
211	1.14350163936615
212	0.8584172129631042
212	0.943980872631073
212	0.7888236045837402
212	0.892545223236084
212	0.8478760719299316
212	0.7252256274223328
212	0.8148834109306335
213	0.7000430822372437
213	0.738766074180603
213	0.7119745016098022
213	0.7291933298110962
213	0.7735114097595215
213	0.8508720397949219
213	0.8619476556777954
213	0.7782906889915466
213	0.7793694734573364
213	0.7401891350746155
213	0.7736997604370117
214	0.7874791622161865
214	0.8532414436340332
214	0.8307783007621765
214	0.8765491247177124
214	0.9110187888145447
214	0.9446917176246643
214	0.9770143628120422
214	0.9614294171333313
214	1.0195056200027466
214	1.0433733463287354
214	1.1109460592269897
214	1.184870719909668
214	1.1182005405426025
214	1.031093716621399
214	1.0858980417251587
214	1.0922796726226807
214	1.205803632736206
214	1.2935971021652222
214	1.2376997470855713
214	1.3378682136535645
214	1.2718451023101807
214	1.4007664918899536
214	0.8029928207397461
214	0.8470389246940613
215	0.7557047009468079
215	0.7653944492340088
215	0.7352966070175171
215	0.7880262136459351
215	0.7286899089813232
215	0.7913132905960083
215	0.7777543067932129
215	0.7320783734321594
215	0.8010576367378235
215	0.876356840133667
215	0.8956977128982544
215	1.0265873670578003
215	0.9245908856391907
215	1.0595533847808838
215	0.803565502166748
215	0.8851107954978943
215	0.8963119387626648
215	1.0331610441207886
215	0.7207934260368347
215	0.7749955058097839
216	0.6952056884765625
216	0.7140020132064819
216	0.7042943835258484
216	0.7105603218078613
216	0.6981017589569092
216	0.7389444708824158
216	0.7585177421569824
216	1.266829490661621
216	1.365440845489502
216	1.253607153892517
216	0.7063140869140625
216	0.8595181703567505
216	0.8626390099525452
216	0.7842985391616821
216	1.3384737968444824
216	1.3434466123580933
216	1.3439054489135742
216	0.7817596197128296
216	0.8294562101364136
217	0.8357064723968506
217	0.8312028050422668
217	0.9413250088691711
217	0.9927049279212952
217	1.0418577194213867
217	1.6380995512008667
217	1.2338371276855469
217	1.759162187576294
217	2.1962156295776367
217	2.343212842941284
217	2.2799336910247803
217	2.638193130493164
217	2.790416955947876
217	3.3738210201263428
217	2.7303900718688965
217	0.9656153917312622
217	1.0439587831497192
218	0.938916027545929
218	0.9155528545379639
218	0.9823088049888611
218	1.059141993522644
218	0.9947764873504639
218	1.43283212184906
218	1.2520978450775146
218	1.4506891965866089
218	1.9243154525756836
218	0.97206050157547
218	1.0496331453323364
219	0.9094045162200928
219	0.8761757612228394
219	0.913381814956665
219	0.9643200635910034
219	0.8641773462295532
219	0.8914992809295654
219	0.8710758686065674
219	0.922523558139801
219	1.0884969234466553
219	1.261098027229309
219	1.73237144947052
219	1.7320075035095215
219	1.7445348501205444
219	1.1189419031143188
219	1.6074066162109375
219	1.599798560142517
219	1.6181225776672363
219	0.9468458294868469
219	1.0085678100585938
220	0.9361734986305237
220	0.9159705638885498
220	0.9835271239280701
220	1.014654278755188
220	0.9773595929145813
220	0.9850117564201355
220	1.040892481803894
220	0.9703120589256287
220	1.2318553924560547
220	1.05364990234375
220	1.1096291542053223
221	1.0828166007995605
221	1.062403678894043
221	1.174448013305664
221	1.2304315567016602
221	1.2193149328231812
221	1.6157280206680298
221	1.6232587099075317
221	1.5996992588043213
221	1.206949234008789
221	1.2997889518737793
222	1.1627411842346191
222	1.128686785697937
222	1.1964327096939087
222	1.2797287702560425
222	1.1856858730316162
222	1.13758385181427
222	1.244117259979248
222	1.2702014446258545
222	1.531083345413208
222	1.6387434005737305
222	1.429614543914795
222	1.8502358198165894
222	2.317194938659668
222	2.2849249839782715
222	2.270918607711792
222	1.1907802820205688
222	1.2844496965408325
223	1.111886739730835
223	1.0752379894256592
223	1.1046682596206665
223	1.1460453271865845
223	1.036361813545227
223	1.2613271474838257
223	1.4173674583435059
223	1.343364953994751
223	2.172692060470581
223	1.7046442031860352
223	2.148698329925537
223	2.2043919563293457
223	2.2304701805114746
223	1.8202433586120605
223	2.2776947021484375
223	2.2829744815826416
223	2.311591863632202
223	1.1995491981506348
223	1.295050024986267
224	1.2476186752319336
224	1.242691993713379
224	1.3619873523712158
224	1.3827683925628662
224	1.4753590822219849
224	1.684883952140808
224	1.8478586673736572
224	2.0341529846191406
224	2.4967095851898193
224	2.5162200927734375
224	2.4080440998077393
224	2.730142831802368
224	2.754560708999634
224	2.9331979751586914
224	3.4125516414642334
224	3.2285706996917725
224	3.353409767150879
224	3.657816171646118
224	3.620619535446167
224	3.642503023147583
224	1.436902642250061
224	1.5581284761428833
225	1.4381476640701294
225	1.4203360080718994
225	1.5476641654968262
225	1.6489330530166626
225	1.6362558603286743
225	2.0207479000091553
225	1.9710737466812134
225	1.7979416847229004
225	2.1841094493865967
225	2.1193296909332275
225	2.2781589031219482
225	2.8241758346557617
225	2.7948732376098633
225	3.2925541400909424
225	3.009767532348633
225	1.5314247608184814
225	1.6568270921707153
226	1.4353631734848022
226	1.389668345451355
226	1.4626086950302124
226	1.5411603450775146
226	1.4600707292556763
226	1.4262455701828003
226	1.5192781686782837
226	1.5168521404266357
226	1.6422165632247925
226	1.731611967086792
226	1.7403470277786255
226	1.8832476139068604
226	1.7380526065826416
226	1.9071836471557617
226	2.0858023166656494
226	1.5417295694351196
226	1.5447287559509277
226	1.6598166227340698
226	1.7550655603408813
226	1.4695192575454712
226	1.499547004699707
227	1.5010496377944946
227	1.522788405418396
227	1.5801775455474854
227	1.6633259057998657
227	1.7408373355865479
227	2.0730345249176025
227	2.103929042816162
227	2.052567481994629
227	1.570496678352356
227	1.6266632080078125
228	1.584417700767517
228	1.611448049545288
228	1.6576621532440186
228	1.696608304977417
228	1.8027840852737427
228	1.9094045162200928
228	1.8453538417816162
228	1.8790981769561768
228	2.1878955364227295
228	2.2280075550079346
228	1.6562367677688599
228	1.7818098068237305
229	1.5973529815673828
229	1.5830200910568237
229	1.6437922716140747
229	1.7331595420837402
229	1.689283847808838
229	1.6645642518997192
229	1.7827972173690796
229	1.7809665203094482
229	1.8835434913635254
229	1.9658492803573608
229	2.2174060344696045
229	2.578847885131836
229	2.5152790546417236
229	2.3668551445007324
229	2.510772943496704
229	2.556830406188965
229	2.3969643115997314
229	2.6273772716522217
229	2.6325626373291016
229	2.5973665714263916
229	1.626197099685669
229	1.7977100610733032
230	1.5038737058639526
230	1.4843283891677856
230	1.4815542697906494
230	1.5641425848007202
230	1.457383155822754
230	1.4459383487701416
230	1.5214184522628784
230	1.5415735244750977
230	1.629556655883789
230	1.5969358682632446
230	1.9530036449432373
230	1.9209566116333008
230	1.9211972951889038
230	1.7029839754104614
230	2.092310905456543
230	2.0203096866607666
230	2.0261337757110596
230	1.4319825172424316
230	1.4075201749801636
231	1.4613641500473022
231	1.5331226587295532
231	1.4338606595993042
231	1.4492430686950684
231	1.5437703132629395
231	2.1134605407714844
231	1.7013508081436157
231	1.7858484983444214
231	2.0474867820739746
231	2.4025697708129883
231	1.938469409942627
231	2.3132901191711426
231	2.352682113647461
231	1.3356467485427856
231	1.3253779411315918
232	1.2931363582611084
232	1.3211586475372314
232	1.2213513851165771
232	1.2157399654388428
232	1.2347286939620972
232	1.2980154752731323
232	1.289806842803955
232	1.1949307918548584
232	1.309374213218689
232	1.7352429628372192
232	1.342471718788147
232	1.7812449932098389
232	1.2593499422073364
232	1.342167615890503
232	1.6327468156814575
232	2.169985771179199
232	1.6561554670333862
232	2.1977336406707764
232	1.1843903064727783
232	1.1516356468200684
233	1.2130355834960938
233	1.268701434135437
233	1.1921494007110596
233	1.1658263206481934
233	1.2495684623718262
233	1.4362668991088867
233	1.3007372617721558
233	1.470465898513794
233	1.702917456626892
233	1.7804089784622192
233	1.4737745523452759
233	1.5766472816467285
233	1.9396764039993286
233	1.972024917602539
233	1.9660799503326416
233	1.1938444375991821
233	1.1813002824783325
234	1.2384697198867798
234	1.2835254669189453
234	1.2474240064620972
234	1.2613083124160767
234	1.3298137187957764
234	1.5875521898269653
234	1.4636534452438354
234	2.001694917678833
234	2.3368682861328125
234	1.5525985956192017
234	2.3892390727996826
234	2.895810604095459
234	2.457819938659668
234	2.0396056175231934
234	2.4601869583129883
234	1.2059359550476074
234	1.216002106666565
235	1.1845992803573608
235	1.2109264135360718
235	1.1495496034622192
235	1.187943458557129
235	1.1649768352508545
235	1.1784874200820923
235	1.1922755241394043
235	1.5772089958190918
235	1.6038920879364014
235	1.6056437492370605
235	1.2556527853012085
235	1.3291583061218262
235	1.3496451377868652
235	1.3211662769317627
235	1.7110675573349
235	1.7027628421783447
235	1.6996276378631592
235	1.0862863063812256
235	1.082792043685913
236	1.061225414276123
236	1.0887483358383179
236	1.011385440826416
236	0.9945096969604492
236	1.007320761680603
236	1.062701940536499
236	1.0126452445983887
236	1.0173523426055908
236	1.0821291208267212
236	1.0712594985961914
236	1.5300623178482056
236	1.4919828176498413
236	1.5086371898651123
236	1.0647131204605103
236	1.4948064088821411
236	1.5174603462219238
236	1.5237210988998413
236	1.018137812614441
236	1.000769019126892
237	1.0763031244277954
237	1.12275230884552
237	1.10197913646698
237	1.0913575887680054
237	1.2099822759628296
237	1.4779226779937744
237	1.4389171600341797
237	1.7430474758148193
237	1.47482168674469
237	1.9380090236663818
237	1.8771202564239502
237	1.925879716873169
237	1.0940741300582886
237	1.0945916175842285
238	1.1183067560195923
238	1.1541399955749512
238	1.1298598051071167
238	1.1666109561920166
238	1.215739369392395
238	1.238696575164795
238	1.250454068183899
238	1.3275089263916016
238	1.7485650777816772
238	1.745943546295166
238	1.5245177745819092
238	2.001230478286743
238	1.9772253036499023
238	1.571269154548645
238	1.6346582174301147
238	1.9123969078063965
238	2.388540744781494
238	2.844442844390869
238	2.3670542240142822
238	2.0881783962249756
238	2.4972472190856934
238	1.9822077751159668
238	1.0624479055404663
238	1.0815149545669556
239	1.017281174659729
239	1.0443211793899536
239	0.9680647253990173
239	1.0090676546096802
239	0.9667080640792847
239	0.9969611167907715
239	0.9876608848571777
239	1.4977635145187378
239	1.3895673751831055
239	1.4428739547729492
239	1.0242358446121216
239	1.4715763330459595
239	1.4974675178527832
239	1.4474987983703613
239	0.9174625277519226
239	0.9229288697242737
240	0.907021164894104
240	0.9437714219093323
240	0.8899369239807129
240	0.8978309035301208
240	0.9394205808639526
240	1.0467851161956787
240	1.009500503540039
240	1.076725959777832
240	1.508853554725647
240	1.3882272243499756
240	1.543217658996582
240	1.7757400274276733
240	0.891707181930542
240	0.9014847874641418
241	0.9256460070610046
241	0.9638914465904236
241	0.9497343897819519
241	0.9628780484199524
241	1.0489267110824585
241	1.2471872568130493
241	1.128172516822815
241	1.318500280380249
241	1.6951806545257568
241	1.785194754600525
241	1.903680443763733
241	2.5064566135406494
241	2.291144371032715
241	2.4444212913513184
241	2.6045081615448
241	3.344125747680664
241	3.9323458671569824
241	4.711216449737549
241	3.802661180496216
241	4.09658145904541
241	4.803599834442139
241	4.140888214111328
241	0.929444432258606
241	0.9403347373008728
242	0.9396311044692993
242	0.9683188199996948
242	0.9490458965301514
242	0.9959337711334229
242	1.0075743198394775
242	1.1720129251480103
242	1.1800013780593872
242	1.5500584840774536
242	1.933718204498291
242	2.1348304748535156
242	1.8382446765899658
242	2.3708910942077637
242	2.2659080028533936
242	2.0068531036376953
242	2.4370036125183105
242	2.2808122634887695
242	1.9741331338882446
242	2.213528871536255
242	2.2204513549804688
242	2.1853673458099365
242	0.8915956616401672
242	0.9109913110733032
243	0.8523841500282288
243	0.878918468952179
243	0.8116248846054077
243	0.8530387878417969
243	0.827988862991333
243	0.8579734563827515
243	0.849036455154419
243	1.4128665924072266
243	1.3179614543914795
243	1.306005835533142
243	0.9211543798446655
243	1.411265254020691
243	1.3809752464294434
243	1.4410297870635986
243	0.787302553653717
243	0.8239011764526367
244	0.7930070757865906
244	0.8272088170051575
244	0.8202411532402039
244	0.8502631187438965
244	0.9109514355659485
244	1.3982824087142944
244	1.4049382209777832
244	1.3990598917007446
244	0.8456550240516663
244	0.9542093873023987
245	0.8841518759727478
245	0.957003653049469
245	0.9436119198799133
245	0.9726923704147339
245	1.0483962297439575
245	1.2834473848342896
245	1.1987764835357666
245	1.1164604425430298
245	1.4717005491256714
245	1.951668620109558
245	1.905089020729065
245	1.9578015804290771
245	0.9910448789596558
245	1.1646523475646973
246	0.9592182040214539
246	0.976295530796051
246	1.039607286453247
246	1.1245126724243164
246	1.140295147895813
246	1.140885353088379
246	1.2616204023361206
246	1.3368381261825562
246	1.5159538984298706
246	1.4206522703170776
246	1.5119960308074951
246	1.9356554746627808
246	1.9631085395812988
246	1.0194334983825684
246	1.2293020486831665
247	0.9028230309486389
247	0.9356372356414795
247	0.8842037320137024
247	0.9473021626472473
247	0.8661637902259827
247	0.8926305174827576
247	0.9235114455223083
247	0.8884949088096619
247	1.6679961681365967
247	2.434924840927124
247	1.764021873474121
247	2.5651066303253174
247	1.1565992832183838
247	1.323418378829956
247	1.2220710515975952
247	1.925420880317688
247	1.3105443716049194
247	2.0114331245422363
247	0.8733718395233154
247	0.8987876176834106
248	0.9205520153045654
248	1.002378225326538
248	0.9305543303489685
248	0.9182572364807129
248	1.0497686862945557
248	1.305100440979004
248	1.234459400177002
248	1.2898776531219482
248	1.536409854888916
248	1.5992971658706665
248	1.3804914951324463
248	1.7827789783477783
248	1.832509994506836
248	0.9273602962493896
248	1.0043169260025024
249	0.9107587337493896
249	0.9249445199966431
249	0.936716616153717
249	0.9790940284729004
249	0.9497717022895813
249	1.0217509269714355
249	0.9870219230651855
249	0.9739570617675781
249	1.0661159753799438
249	1.0087590217590332
249	1.0938366651535034
250	1.127970576286316
250	1.2433024644851685
250	1.2253538370132446
250	1.2486156225204468
250	1.403764009475708
250	1.4555044174194336
250	1.483075737953186
250	1.5769091844558716
250	1.9805108308792114
250	2.5513782501220703
250	2.1919972896575928
250	2.831753730773926
250	2.069490671157837
250	2.2986321449279785
250	2.1545307636260986
250	2.786606788635254
250	2.358421564102173
250	3.063232421875
250	1.2669634819030762
250	1.3884598016738892
251	1.3088172674179077
251	1.3684874773025513
251	1.4093215465545654
251	1.4971882104873657
251	1.4250309467315674
251	1.4519858360290527
251	1.4695537090301514
251	1.6381176710128784
251	1.8277966976165771
251	1.5253915786743164
251	1.5423519611358643
252	1.6994421482086182
252	1.7631449699401855
252	1.8742491006851196
252	1.9204816818237305
252	2.130311965942383
252	2.1819069385528564
252	2.326979637145996
252	2.280918836593628
252	2.6229188442230225
252	3.0477371215820313
252	2.8963963985443115
252	3.452890157699585
252	2.8734099864959717
252	3.1731715202331543
252	2.733771800994873
252	3.2105040550231934
252	3.0020034313201904
252	3.6108365058898926
252	1.8671748638153076
252	2.025891065597534
253	1.7755370140075684
253	1.751250982284546
253	1.796161413192749
253	1.9529997110366821
253	1.8928108215332031
253	2.1324656009674072
253	2.00363826751709
253	2.2672035694122314
253	2.750361919403076
253	2.736499547958374
253	1.6436582803726196
253	1.5339840650558472
254	1.7278376817703247
254	1.8694292306900024
254	1.709922194480896
254	1.725658893585205
254	1.9487384557724
254	2.2998602390289307
254	2.295156478881836
254	2.2169313430786133
254	1.573042392730713
254	1.5464811325073242
255	1.5735890865325928
255	1.671021819114685
255	1.5393571853637695
255	1.6366456747055054
255	1.7445707321166992
255	2.086848497390747
255	2.173137903213501
255	2.4495368003845215
255	2.2656192779541016
255	2.652369499206543
255	2.6859843730926514
255	2.764807939529419
255	1.3295300006866455
255	1.3125293254852295
256	1.2548872232437134
256	1.349910020828247
256	1.1419410705566406
256	1.1250730752944946
256	1.2080326080322266
256	1.3300483226776123
256	1.2492544651031494
256	1.2410180568695068
256	1.7681732177734375
256	2.4341704845428467
256	1.847677230834961
256	2.5237574577331543
256	1.47520112991333
256	1.6232428550720215
256	1.6073495149612427
256	2.2167563438415527
256	1.7123241424560547
256	2.3578836917877197
256	1.1051597595214844
256	1.1221734285354614
257	1.1502057313919067
257	1.238124132156372
257	1.1686007976531982
257	1.1963515281677246
257	1.3424983024597168
257	1.465812087059021
257	1.409502625465393
257	1.7973309755325317
257	2.263634204864502
257	1.4603577852249146
257	1.858420491218567
257	2.249969244003296
257	1.8646488189697266
257	1.8293066024780273
257	2.389296531677246
257	1.0834753513336182
257	1.136533498764038
258	1.0372706651687622
258	1.10214102268219
258	1.017224669456482
258	1.0567760467529297
258	1.1659187078475952
258	1.5925707817077637
258	1.5505510568618774
258	1.640689730644226
258	0.9509468078613281
258	1.0753605365753174
259	0.8634311556816101
259	0.8977992534637451
259	0.8400280475616455
259	0.8977943658828735
259	0.8932247757911682
259	0.939076840877533
259	0.936573326587677
259	1.0236204862594604
259	1.2416865825653076
259	1.2514320611953735
259	1.1571509838104248
259	1.5780185461044312
259	1.4472507238388062
259	1.652561068534851
259	2.302476644515991
259	2.120603084564209
259	2.0046751499176025
259	2.3784966468811035
259	2.423462390899658
259	2.4047417640686035
259	0.7926269173622131
259	0.8258064985275269
260	0.830919086933136
260	0.9462418556213379
260	0.7948248386383057
260	0.8026267290115356
260	0.9085023999214172
260	1.1438651084899902
260	1.0212230682373047
260	1.012923002243042
260	1.3884179592132568
260	1.4337323904037476
260	1.2626724243164063
260	1.719153642654419
260	1.6494343280792236
260	1.4861781597137451
260	1.8667426109313965
260	1.965863585472107
260	1.503336787223816
260	1.8551121950149536
260	1.867867350578308
260	1.8903955221176147
260	0.7419325709342957
260	0.8556419014930725
261	0.6711418628692627
261	0.7035602331161499
261	0.6475001573562622
261	0.7056158185005188
261	0.7103967666625977
261	0.9147149324417114
261	0.9870975017547607
261	0.7756898403167725
261	1.1856919527053833
261	1.110740065574646
261	0.9325104355812073
261	0.785860002040863
261	1.9831641912460327
261	2.306989908218384
261	2.521193027496338
261	0.6465900540351868
261	0.7394447922706604
262	0.6435472369194031
262	0.6684650182723999
262	0.6885182857513428
262	0.7375719547271729
262	0.796912431716919
262	1.0162336826324463
262	1.0332199335098267
262	1.5671443939208984
262	1.5557732582092285
262	1.5396183729171753
262	1.1744873523712158
262	1.5525834560394287
262	1.8183671236038208
262	1.3680843114852905
262	1.798774242401123
262	1.8498036861419678
262	1.8510035276412964
262	0.6700084209442139
262	0.7113632559776306
263	0.6791951060295105
263	0.7372244000434875
263	0.8533069491386414
263	0.7903631329536438
263	0.7004843354225159
263	0.6778050661087036
263	0.7766263484954834
263	0.847854495048523
263	0.9108575582504272
263	0.7613288760185242
263	0.7833044528961182
263	0.8868679404258728
263	0.773110032081604
263	0.9099025130271912
264	0.7485567927360535
264	0.7310725450515747
264	0.7955937385559082
264	0.8870146870613098
264	0.8409010171890259
264	1.1806020736694336
264	1.2939167022705078
264	1.6341887712478638
264	2.181431293487549
264	0.7763047814369202
264	0.7725638747215271
265	0.8380663394927979
265	0.9155703783035278
265	0.8481835126876831
265	0.8109661936759949
265	0.9599868059158325
265	1.0587838888168335
265	1.0441553592681885
265	1.47041654586792
265	1.5013041496276855
265	1.505069375038147
265	0.9946973323822021
265	1.0807535648345947
265	1.1920456886291504
265	1.0196137428283691
265	1.467129111289978
265	1.5137430429458618
265	1.4772799015045166
265	0.880703330039978
265	0.9871427416801453
266	0.8505938053131104
266	0.8288974165916443
266	0.891999363899231
266	0.9596531987190247
266	0.9253482222557068
266	0.9705397486686707
266	1.0956101417541504
266	1.5609599351882935
266	1.5665870904922485
266	1.5495764017105103
266	1.0306884050369263
266	1.5044634342193604
266	1.5198171138763428
266	1.4713022708892822
266	0.8933458924293518
266	0.8970897197723389
267	0.9459294676780701
267	1.0077123641967773
267	0.9667750597000122
267	0.9681118130683899
267	1.037110447883606
267	1.0801188945770264
267	1.0968472957611084
267	1.0920143127441406
267	1.2070142030715942
267	0.9947689175605774
267	1.065114140510559
268	0.9902169704437256
268	0.9875861406326294
268	1.0412031412124634
268	1.093144416809082
268	1.0668374300003052
268	1.0739092826843262
268	1.1927982568740845
268	1.0995032787322998
268	1.3337336778640747
268	1.4438519477844238
268	1.362254023551941
268	1.5754995346069336
268	2.0328946113586426
268	2.0816402435302734
268	2.0718390941619873
268	1.079764723777771
268	1.158575415611267
269	1.071280598640442
269	1.0603245496749878
269	1.1203243732452393
269	1.149812936782837
269	1.0997294187545776
269	1.117640733718872
269	1.1609774827957153
269	1.0530686378479004
269	1.050066351890564
269	1.099703073501587
269	1.5541551113128662
269	1.4699468612670898
269	1.5376001596450806
269	1.105002522468567
269	1.5401108264923096
269	1.5200623273849487
269	1.544167160987854
269	1.2216453552246094
269	1.300245761871338
270	1.2889426946640015
270	1.3098527193069458
270	1.3971105813980103
270	1.4388201236724854
270	1.5253373384475708
270	1.6239466667175293
270	1.5537351369857788
270	1.7305779457092285
270	1.6323670148849487
270	1.944473385810852
270	1.957560658454895
270	2.004751682281494
270	1.409363031387329
270	1.5169599056243896
271	1.353047490119934
271	1.3370908498764038
271	1.3648133277893066
271	1.4285054206848145
271	1.43108069896698
271	1.6323823928833008
271	1.635179042816162
271	1.4250402450561523
271	1.7165621519088745
271	1.690206527709961
271	1.582304835319519
271	1.8935331106185913
271	1.9270086288452148
271	1.71168053150177
271	2.1889102458953857
271	2.0734338760375977
271	2.088021755218506
271	2.472907304763794
271	2.492427349090576
271	2.484067440032959
271	1.2929229736328125
271	1.256110668182373
272	1.3130112886428833
272	1.3768348693847656
272	1.2841440439224243
272	1.287269115447998
272	1.3462250232696533
272	1.4176421165466309
272	1.4070382118225098
272	1.4875011444091797
272	1.8082244396209717
272	1.679469108581543
272	1.7578704357147217
272	2.3153181076049805
272	2.195815086364746
272	1.243280053138733
272	1.2898746728897095
273	1.2085299491882324
273	1.2408638000488281
273	1.1836074590682983
273	1.206526756286621
273	1.1604105234146118
273	1.1959972381591797
273	1.1768726110458374
273	1.1894633769989014
273	1.515356421470642
273	1.5069113969802856
273	1.9786297082901
273	1.9474345445632935
273	1.948535442352295
273	1.4037203788757324
273	1.8223153352737427
273	1.8638640642166138
273	1.8872530460357666
273	1.204196810722351
273	1.228469729423523
274	1.244234561920166
274	1.2762761116027832
274	1.294434905052185
274	1.2813502550125122
274	1.5120482444763184
274	1.8998790979385376
274	1.8912216424942017
274	1.360804796218872
274	1.6151845455169678
274	1.9555150270462036
274	1.9259040355682373
274	2.384019136428833
274	2.0270638465881348
274	2.5960922241210938
274	2.601871967315674
274	1.681939959526062
274	2.0417394638061523
274	1.9979742765426636
274	2.4957985877990723
274	1.2948658466339111
274	1.3830039501190186
275	1.2762243747711182
275	1.2737172842025757
275	1.330057978630066
275	1.3583273887634277
275	1.3062763214111328
275	1.3459234237670898
275	1.5151102542877197
275	1.3564400672912598
275	1.9542173147201538
275	2.631183385848999
275	2.203326463699341
275	2.9165165424346924
275	2.0679824352264404
275	2.450359344482422
275	1.850138783454895
275	2.446186065673828
275	2.193223476409912
275	2.941828727722168
275	1.4765535593032837
275	1.6070311069488525
276	1.604324221611023
276	1.678554654121399
276	1.7821005582809448
276	1.8724013566970825
276	1.9037063121795654
276	1.7692660093307495
276	2.276898145675659
276	2.5690274238586426
276	3.120610237121582
276	3.211029052734375
276	4.066804885864258
276	4.740998268127441
276	4.4677324295043945
276	5.5135674476623535
276	5.8407673835754395
276	3.345682382583618
276	3.617851972579956
276	4.211785316467285
276	4.937678337097168
276	1.9511160850524902
276	1.9950201511383057
277	2.208726406097412
277	2.2834928035736084
277	2.5115256309509277
277	2.541184902191162
277	2.9128592014312744
277	3.2688426971435547
277	3.2656540870666504
277	3.6486401557922363
277	3.942689895629883
277	3.1271772384643555
277	4.199915885925293
277	4.8999104499816895
277	4.16110372543335
277	3.576502561569214
277	3.8995933532714844
277	2.636786937713623
277	2.704071521759033
278	2.8414270877838135
278	2.89829158782959
278	3.1304521560668945
278	3.085206985473633
278	3.2134628295898438
278	3.357539653778076
278	3.5354435443878174
278	2.9328243732452393
278	2.7831058502197266
278	3.1835272312164307
278	2.8896050453186035
278	3.174053907394409
278	2.841169834136963
278	3.0278663635253906
278	2.8160488605499268
278	3.652104377746582
278	4.007561206817627
278	4.032491207122803
278	4.1275529861450195
278	4.6062846183776855
278	4.885865211486816
278	4.872948169708252
278	4.888988971710205
1	68.48936462402344
1	68.51005554199219
1	68.41024780273438
1	68.38912200927734
1	68.4527587890625
1	68.5187759399414
1	68.55909729003906
1	68.40969848632813
1	68.39353942871094
1	68.43514251708984
1	68.49113464355469
1	68.46863555908203
1	68.41244506835938
1	68.3723373413086
1	68.38827514648438
1	68.4637222290039
1	68.48190307617188
1	68.60484313964844
1	68.54206848144531
1	68.58860778808594
1	68.57093048095703
1	68.6112289428711
1	68.38140869140625
1	68.45541381835938
1	68.54821014404297
1	68.5152359008789
