Frames	sa_pro	sa_A	sa_C	sa_buried
0	12190.05664	12221.14648	350.3587036	381.4485474
1	12823.60059	12813.09766	340.4240112	329.9210815
2	13086.55566	13048.19727	352.6297302	314.2713318
3	12915.30566	12886.77637	350.7874756	322.2581787
4	12880.59082	12855.36719	342.8083496	317.5847168
5	12805.99609	12823.36035	344.6071472	361.971405
6	12901.10449	12892.10254	346.0740662	337.072113
7	12884.70801	12893.7373	339.8824158	348.9117126
8	12802.89258	12796.84473	348.0485535	342.0007019
9	13255.25	13237.15332	347.4573975	329.3607178
10	13060.35938	13046.44824	345.0487061	331.1375732
11	12935.45703	12966.91113	351.4962158	382.9503174
12	12672.59375	12682.88965	345.5528564	355.8487549
13	12813.58008	12810.8252	340.8673706	338.1124878
14	12728.73047	12749.60059	351.4072266	372.2773438
15	12617.53613	12645.86328	354.5860596	382.913208
16	12921.91992	12951.12305	357.0905151	386.2936401
17	12842.90918	12926.27832	337.6282654	420.997406
18	13025.59863	13034.87109	345.0039673	354.2764282
19	12748.70215	12780.04199	330.0547485	361.3945923
20	12677.24512	12711.15918	351.5689087	385.4829712
21	12688.61719	12685.50293	344.7199402	341.6056824
22	12482.02441	12518.35645	337.9529724	374.2850037
23	12620.19629	12657.56152	331.7034302	369.0686646
24	12861.96387	12888.83789	349.4351196	376.3091431
25	12819.59375	12841.60547	344.2065125	366.2182312
26	12671.29199	12686.20898	327.9581909	342.8751831
27	12854.31738	12867.00684	343.6523132	356.3417664
28	12769.19531	12793.75586	358.3861389	382.9466858
29	12932.80273	12980.05078	343.7269592	390.9750061
30	12774.30762	12797.03613	338.9389648	361.6674805
31	12945.97461	12976.81543	336.9830933	367.8239136
32	12951.91895	12984.44141	337.1602783	369.6827393
33	12874.01465	12925.59668	347.7027588	399.28479
34	13059.1748	13096.19434	348.1123352	385.1318665
35	13045.41797	13070.12793	352.7001038	377.4100647
36	13138.03516	13142.26563	349.2016296	353.4320984
37	12867.13867	12956.44629	347.0857239	436.3933411
38	13092.81445	13127.99121	346.0093079	381.1860657
39	12778.02637	12838.60254	346.3497925	406.9259644
40	12671.28809	12749.26953	332.7876892	410.7691345
41	12817.18652	12936.22168	345.3849792	464.4201355
42	12935.1123	12988.89453	340.5383911	394.3206177
43	12953.75195	13007.0332	341.5537415	394.8349915
44	12789.31445	12780.53223	331.9680786	323.1858521
45	12960.38867	13043.09473	350.9606628	433.6667175
46	12920.8125	13001.3877	355.7130127	436.288208
47	12812.48828	12914.96777	337.1448975	439.6243896
48	12838.56738	12894.36621	346.8255615	402.6243896
49	12767.62598	12884.18848	354.4868164	471.0493164
50	12825.99023	12970.60449	344.6043091	489.2185669
51	12678.84863	12792.86426	345.9117737	459.9273987
52	12600.56738	12726.44434	351.7073669	477.5843201
53	12704.21582	12787.6875	331.6803589	415.1520386
54	12753.59766	12809.1084	339.0583191	394.5690613
55	12632.73047	12734.36719	349.3649902	451.001709
56	12848.78711	12919.96973	348.6373901	419.8200073
57	12857.27734	12949.24023	348.4870605	440.4499512
58	12620.63867	12713.1709	345.0340881	437.5663147
59	12803.68359	12884.74414	348.56073	429.6212769
60	12831.56152	12889.48633	345.8883362	403.8131409
61	13009.89844	13053.76953	358.7495728	402.6206665
62	12845.30566	12908.67285	349.0493164	412.4165039
63	12826.87109	12871.28516	351.2398987	395.6539612
64	12874.49414	12876.4082	354.9168091	356.8308716
65	12841.99023	12866.63965	350.8568726	375.5062866
66	12667.53711	12719.86035	337.2077332	389.5309753
67	12853.22754	12896.72559	350.3670654	393.8651123
68	12642.58691	12699.18652	350.1230164	406.7226257
69	12665.12109	12722.68164	348.7829285	406.3434753
70	12736.01953	12668.72754	335.3761292	268.084137
71	12688.25879	12761.32813	347.9794617	421.0487976
72	12860.36133	12929.29297	347.7376404	416.669281
73	12619.49219	12676.47852	336.1635132	393.1498413
74	12614.27051	12634.0791	337.655365	357.4639587
75	12678.92383	12738.26465	340.9407959	400.2816162
76	12768.62109	12779.94141	336.9831238	348.3034363
77	12726.5957	12760.22461	340.4371033	374.0660095
78	12773.03516	12828.14258	339.7137451	394.821167
79	12707.68262	12801.14258	341.5318604	434.9918213
80	12708.9668	12801.50391	344.6231995	437.1603088
81	12948.9082	13018.44727	348.0578003	417.5968628
82	13107.71387	13163.8623	348.9008484	405.0492859
83	12840.44043	12829.07422	347.4144287	336.0482178
84	12912.68262	12942.8916	335.4188232	365.6278076
85	12879.54688	12918.80371	344.8808289	384.1376648
86	12787.83887	12868.95703	340.2619019	421.3800659
87	12837.50586	12912.94629	346.9509888	422.3914185
88	12738.58887	12860.82715	342.9516296	465.1899109
89	12912.46582	12961.87012	350.7198792	400.124176
90	12633.52539	12687.76172	340.947998	395.1843262
91	12891.4209	12978.26758	352.6880188	439.5346985
92	12821.625	12897.17773	345.2361755	420.7889099
93	12749.78125	12814.13867	343.9797668	408.3371887
94	12902.85156	12961.19922	341.8545837	400.20224
95	12779.47559	12847.1582	349.2936096	416.9762268
96	12620.83203	12694.69336	345.4664001	419.3277283
97	12793.91309	12845.43555	336.8327637	388.3552246
98	12724.32617	12818.8457	342.3783569	436.8978882
99	12839.72754	12892.76953	343.3248291	396.3668213
100	12821.44922	12870.34668	339.8537598	388.7512207
101	12886.3291	12966.94238	336.8742676	417.4875488
102	12888.62109	12955.56738	336.7614136	403.7077026
103	13293.96875	13318.83398	351.1459045	376.0111389
104	12977.57617	13038.24805	340.6134644	401.2853394
105	13079.06641	13107.28027	337.0909119	365.3047791
106	12555.28125	12647.47949	350.6759338	442.874176
107	12748.85156	12824.11816	351.7121277	426.9787292
108	12813.40332	12872.17871	356.1669006	414.9422913
109	13048.4375	13084.64063	351.7297058	387.9328308
110	12852.15332	12934.6416	336.5108643	418.9991455
111	12860.60254	12922.78809	351.5098267	413.6953735
112	12628.05469	12691.64355	356.1553345	419.7442017
113	12821.96582	12897.70313	352.1580505	427.8953552
114	12854.16602	12924.65332	349.1478577	419.6351624
115	12714.38281	12774.87402	358.2094421	418.7006531
116	12643.59375	12713.45508	353.8825989	423.743927
117	12610.37402	12664.33398	357.487915	411.447876
118	12833.67969	12896.18848	348.9847412	411.4935303
119	12704.76758	12765.31152	349.144043	409.6879883
120	12816.11035	12881.33594	349.4851074	414.7106934
121	12972.69238	13038.03418	346.0663147	411.4081116
122	12648.01367	12670.48535	348.3765259	370.8482056
123	12679.33301	12730.48828	351.6002808	402.7555542
124	12710.69531	12757.97754	349.9623718	397.2445984
125	12882.06445	12998.25391	350.6731567	466.8626099
126	12999.52734	13031.81738	345.8434143	378.1334534
127	12903.75391	12976.37402	341.6575317	414.2776489
128	12931.7666	12980.24805	350.6723938	399.1538391
129	12837.9541	12944.14258	337.6471252	443.8356018
130	13025.57715	13108.61328	343.3434143	426.3795471
131	12913.01563	13065.92188	344.3821716	497.2884216
132	12874.36621	13004.62305	339.4737549	469.7305908
133	12843.36035	12951.7666	336.8818359	445.2880859
134	12652.96582	12766.57617	340.3393555	453.949707
135	12918.69531	13020.03125	338.6411438	439.9770813
136	12616.33984	12779.17773	346.6841125	509.5220032
137	12725.54297	12798.52734	340.1316833	413.1160583
138	12762.07422	12853.75879	333.0058594	424.6904297
139	12740.30762	12880.98535	335.8686829	476.5464172
140	12967.64746	13066.86719	344.1743164	443.394043
141	13017.37207	13118.39648	342.8713989	443.895813
142	13017.37012	13064.54785	348.9311829	396.1089172
143	12852.35547	12883.28125	348.8115845	379.7373657
144	12775.37988	12830.46582	338.0997925	393.18573
145	12788.91211	12873.41992	347.3830261	431.8908386
146	12884.14258	12941.6582	349.9199524	407.4355774
147	12653.19727	12734.62012	354.9402161	436.3630676
148	12863.56641	12956.91895	345.6976013	439.0501404
149	13000.36035	13057.04688	351.1051636	407.791687
150	13010.71289	13075.52441	344.9569702	409.7684937
151	12997.48926	13044.09375	337.0795593	383.6840515
152	12824.38965	12857.43164	326.3117371	359.3537292
153	13138.16113	13163.96484	328.2208252	354.0245361
154	12847.23047	12872.56641	348.6803894	374.0163269
155	13034.11328	13005.1084	348.918396	319.9135132
156	12977.46289	13015.66113	342.3204956	380.5187378
157	12675.76855	12691.59961	339.09375	354.9248047
158	12789.74121	12797.91797	350.9104004	359.0871582
159	12748.39355	12733.23438	349.8651123	334.7059326
160	13190.90918	13185.25684	340.2171326	334.5647888
161	12915.92773	12920.53125	341.2923584	345.895874
162	13052.2373	13058.29102	352.9720764	359.0257874
163	13144.17188	13163.13867	345.2524719	364.2192688
164	12991.49707	12913.62793	344.31604	266.4468994
165	13157.12793	13147.79004	347.3646851	338.0267944
166	12964.83594	12931.0791	351.8405457	318.0837097
167	13121.22461	13065.36523	339.0427246	283.1833496
168	12797.69043	12806.83887	341.0913086	350.2397461
169	12818.65918	12837.48535	342.6821899	361.5083618
170	12923.52637	12885.77051	342.3677979	304.6119385
171	13104.12793	13058.3125	343.0206909	297.2052612
172	13135.08984	13111.25195	340.5607605	316.7228699
173	13058.37793	13007.48145	347.9328613	297.036377
174	13159.28027	13119.50293	342.377594	302.6002502
175	13230.38672	13204.06836	365.7626343	339.4442749
176	13379.42188	13309.42676	345.1339111	275.1387939
177	13257.63184	13272.50781	341.1149292	355.9909058
178	13076.84473	13129.98926	342.343689	395.4882202
179	12932.78516	12897.86035	342.9629517	308.038147
180	13008.75391	13066.04297	335.2954102	392.5844727
181	13293.46094	13348.0127	340.1332397	394.6849976
182	13003.55273	13035.62402	342.2521973	374.3234863
183	12985.83691	13020.5293	344.8974304	379.5898132
184	12769.49805	12827.12012	330.3771667	387.9992371
185	12837.12012	12884.9209	335.4720764	383.2728577
186	12772.94629	12797.22754	327.0380554	351.3193054
187	12836.73828	12881.08594	340.0570984	384.4047546
188	12985.04004	13045.13281	327.5979919	387.6907654
189	13055.51367	13099.15332	327.3153076	370.9549561
190	13117.67871	13174.85938	332.6137695	389.7944336
191	12936.7666	13014.43164	338.0652771	415.7303162
192	12930.33301	13012.62891	332.522583	414.8184814
193	12893.31738	12976.42773	332.8769226	415.9872742
194	12973.08398	13032.58691	341.9041138	401.4070435
195	12711.8457	12742	341.5456848	371.6999817
196	12885.05371	12940.66211	332.8889771	388.4973755
197	12718.11621	12794.2998	339.7668457	415.9504395
198	12926.71387	12963.02832	334.0855103	370.3999634
199	12737.79883	12788.0459	341.3705139	391.6175842
200	12591.43945	12662.58301	331.7831421	402.9266968
201	13040.5498	13116.14844	336.4900208	412.0886536
202	12932.58105	13027.5957	338.1972656	433.2119141
203	13021.75293	13084.64551	335.307251	398.1998291
204	13095.41504	13171.81543	337.9351501	414.3355408
205	12989.88379	13038.25098	342.6417236	391.0089111
206	13020.08301	13116.52051	339.5478821	435.9853821
207	12868.37402	12983.39355	340.4285278	455.4480591
208	12850.51758	12945.32422	339.4091492	434.2157898
209	12687.66895	12802.21973	331.4370422	445.9878235
210	12961.2207	13072.87207	339.4901123	451.1414795
211	12620.5	12752.79102	337.3884888	469.6795044
212	12709.69043	12828.95801	343.9898376	463.2574158
213	12631.0293	12740.88477	334.102356	443.9578247
214	12601.24219	12724.43262	338.2756653	461.466095
215	12798.56348	12876.00781	335.2122192	412.6565552
216	13016.4541	13080.25879	334.7766724	398.5813599
217	12992.9375	13067.28711	338.6755371	413.0251465
218	12975.16016	13043.58496	340.3920898	408.8168945
219	13060.0752	13142.25488	333.8942566	416.0739441
220	13192.16016	13258.7793	347.7901917	414.4093323
221	13341.35938	13438.99902	352.725769	450.3654175
222	12984.87988	13103.09766	337.6734924	455.8912659
223	13203.08594	13256.35352	342.922699	396.1902771
224	13122.60156	13168.53906	346.5950928	392.5325928
225	13037.91602	13094.75391	353.5453186	410.3832092
226	13022.6748	13064.44043	350.2378845	392.0035095
227	13223.59863	13293.56738	346.0974731	416.0662231
228	12962.91113	13016.07031	348.1528625	401.3120422
229	13278.03809	13324.80176	357.341095	404.1047668
230	13067.67285	13128.16699	346.3973083	406.891449
231	13129.84473	13230.53516	338.7275696	439.4179993
232	12996.84082	13071.52734	340.1955872	414.8821106
233	13013.57324	13039.01855	347.9369507	373.3822632
234	12954.04004	12943.36816	346.3274841	335.6556091
235	12854.86621	12876.62598	335.3328857	357.0926514
236	12926.47754	12925.29492	362.973877	361.7912598
237	12911.30273	12927.27734	352.8187256	368.793335
238	12835.48438	12833.94922	354.8295898	353.2944336
239	13026.9668	13069.5752	353.9738159	396.5822144
240	12952.18066	12994.81934	346.6337891	389.2724609
241	12709.59375	12739.87012	356.7098083	386.9861755
242	12966.43945	12972.41602	340.9420166	346.9185791
243	12815.38086	12921.66406	351.9413757	458.2245789
244	13048.18945	13081.09766	331.4493713	364.3575745
245	12934.76758	12978.76563	350.4368896	394.4349365
246	13045.41797	13052.78809	353.8232727	361.1933899
247	12921.07129	12949.89063	350.9345093	379.7538452
248	12959.35254	13004.70801	346.070343	391.4258118
249	12841.19043	12870.7998	346.5023499	376.1117249
250	12808.37793	12810.50977	345.2937317	347.4255676
251	12856.69824	12861.8291	357.31073	362.4415894
252	12772.00098	12772.5625	356.5561829	357.1177063
253	12720.01172	12781.47363	348.0831909	409.545105
254	12647.92871	12692.6123	343.9390869	388.6226807
255	12772.14453	12767.37598	337.1087036	332.3401489
256	12783.31055	12836.74805	341.8591309	395.2966309
257	12696.59375	12817.02148	340.8065491	461.2342834
258	12631.41113	12719.25977	329.9718323	417.8204651
259	12925.47363	12973.3877	351.4449463	399.3590088
260	12512.19141	12571.5957	338.6061707	398.0104675
261	12911.1875	12998.22559	335.6387329	422.6768188
262	12765.28125	12872.27637	344.5030518	451.4981689
263	12928.24707	12987.00098	344.286438	403.0403442
264	12748.52734	12831.74316	351.3826294	434.5984497
265	12765.70313	12853.28711	350.0868225	437.6708069
266	12998.77246	13033.75488	347.3634338	382.3458557
267	13167.30762	13186.40234	354.1764221	373.2711487
268	12978.41406	13089.23926	345.0448914	455.8700867
269	12772.27734	12859.22461	334.067688	421.0149536
270	12735.56543	12862.6709	340.0895081	467.1949768
271	12863.60352	13006.54492	334.8807373	477.8221436
272	12806.18945	12928.02539	342.9013367	464.7372742
273	12791.3457	12843.49316	348.2827759	400.4302368
274	12712.58691	12814.24512	338.0831604	439.7413635
275	12657.21777	12742.75684	335.0365601	420.5756226
276	12392.58203	12429.91504	333.6643372	370.997345
277	12635.99902	12710.2002	338.6488953	412.8500671
278	12435.32422	12543.03613	330.7918396	438.5037537
279	12690.64453	12742.39551	345.7382813	397.4892578
280	12658.21875	12740.81152	336.9966736	419.589447
281	12562.77734	12661.6084	346.4259338	445.2569885
282	12617.00781	12734.27441	341.3981323	458.6647339
283	12641.48047	12752.9248	348.0533142	459.4976501
284	12728.42383	12832.89551	340.4971619	444.9688416
285	12556.00195	12601.69824	349.0184631	394.7147522
286	12483.14453	12548.7832	346.8788452	412.5175171
287	12513.24609	12563.94043	347.8206177	398.5149536
288	12390.37598	12470.32227	347.6627502	427.6090393
289	12720.1084	12773.47168	347.2131042	400.5763855
290	12675.93164	12713.47949	338.1000061	375.6478577
291	12508.17773	12584.2793	341.3695068	417.4710693
292	12848.26074	12880.87402	348.6419373	381.2552185
293	12588.64355	12653.89941	345.3683777	410.6242371
294	12806.53711	12881.49219	346.8484497	421.8035278
295	12966.15234	13024.85449	354.7597351	413.4618835
296	12796.36328	12840.29199	359.5515442	403.4802551
297	12906.76172	12971.86621	343.7676697	408.8721619
298	12747.57129	12832.41797	342.6070557	427.4537354
299	12764.63574	12882.28711	344.9903564	462.6417236
300	12752.625	12841.85059	346.539093	435.764679
301	12855.96289	12922.93359	348.3292847	415.2999878
302	12789.08008	12852.16211	345.4229431	408.5049744
303	12897.65234	12957.80566	334.5597839	394.7131042
304	12856.58301	12954.55176	346.3540955	444.3228455
305	12822.4082	12889.21875	347.8931885	414.7037354
306	12723.21094	12809.35059	351.5729065	437.7125549
307	12783.69043	12827.82129	353.8936768	398.0245361
308	12906.71582	13009.97266	343.9260254	447.1828613
309	12758.05664	12847.85938	344.3057556	434.10849
310	12951.14844	13070.92969	346.4661865	466.2474365
311	12670.96387	12794.86523	345.9205322	469.8218994
312	12819.18164	12839.5791	358.3434143	378.7408752
313	12769.9248	12817.51758	357.9903259	405.5830994
314	12538.72852	12610.84082	350.1138916	422.2261963
315	12560.82031	12596.29785	350.2441406	385.7216797
316	12798.4248	12857.93066	361.8081665	421.3140259
317	12729.39258	12788.67578	356.3787842	415.6619873
318	12705.47461	12771.70215	350.6095581	416.8370972
319	12668.37109	12697.79492	350.5942078	380.0180359
320	12618.56152	12689.49316	353.0155029	423.9471436
321	12642.86523	12686.49414	355.2571106	398.8860168
322	12432.29102	12454.33105	355.203064	377.243103
323	12546.33496	12637.7168	357.243103	448.624939
324	12786.99121	12825.46289	356.8173523	395.289032
325	12826.74414	12883.99609	349.0299683	406.2819214
326	12735.33691	12777.03613	353.4317017	395.1309204
327	12797.28223	12853.37988	353.0235596	409.1212158
328	12788.31543	12800.5459	348.5119629	360.7424316
329	12882.1377	12901.60547	350.6366882	370.1044617
330	12606.99023	12620.05273	347.7668457	360.8293457
331	12850.35742	12880.8418	351.8794861	382.3638611
332	12824.42773	12830.40527	348.9874573	354.9649963
333	12410.82617	12445.28418	344.0333252	378.491333
334	12711.77637	12747.04395	356.689209	391.9567871
335	12607.9209	12630.62793	358.2572632	380.9642944
336	12746.43652	12773.09375	353.9084473	380.5656738
337	12851.40625	12821.20508	357.4853821	327.2842102
338	12819.39063	12846.23926	356.6374207	383.4860535
339	12875.79395	12904.58594	352.2411804	381.0331726
340	12715.8916	12791.89551	342.7153625	418.7192688
341	12798.59961	12859.23828	346.7943726	407.4330444
342	12712.56543	12834.88184	337.4058228	459.722229
343	12815.22363	12899.81738	349.4154968	434.0092468
344	13064.37012	13169.04688	346.6576843	451.3344421
345	12826.13477	12932.80176	358.3758545	465.0428467
346	13019.37793	13110.33301	353.6991577	444.6542358
347	12862.26465	12939.86719	342.9898376	420.5923767
348	12782.16895	12860.56934	350.6188965	429.0192871
349	12743.7959	12801.88965	346.0306396	404.1243896
350	12481.02539	12596.19727	351.6286316	466.8005066
351	12472.23047	12610.90625	348.8824768	487.5582581
352	12897.35254	13018.03027	355.8992615	476.5769958
353	12584.83301	12679.2168	354.5505981	448.9343872
354	12661.49023	12752.0166	354.8253174	445.3516846
355	12682.8125	12794.85059	356.4332886	468.4713745
356	12562.15137	12670.53613	357.2433472	465.6281128
357	12735.50195	12846.90918	348.8641052	460.2713318
358	12630.30859	12717.91797	351.5053101	439.1146851
359	12773.51855	12816.24414	354.9837036	397.7092896
360	13009.96875	13086.19727	348.8183594	425.046875
361	12542.37695	12608.2041	348.5675354	414.3946838
362	12783.10352	12894.6709	341.2506714	452.8180542
363	13048.01563	13094.48828	355.9110413	402.3836975
364	12862.30371	12923.375	348.7369385	409.8082275
365	12632.22363	12694.9707	353.1015015	415.8485718
366	12599.07617	12655	355.4910278	411.414856
367	12643.04297	12686.88281	346.6567078	390.4965515
368	12653.65918	12707.6084	348.6129761	402.5621948
369	12584.46973	12649.02246	353.9989319	418.5516663
370	12701.70313	12777.55664	343.213501	419.0670166
371	12582.81055	12631.67871	353.0441895	401.9123535
372	12616.74512	12680.23145	352.9429321	416.4292603
373	12511.98535	12565.21875	350.3504028	403.5838013
374	12432.66016	12506.90625	345.916748	420.1628418
375	12714.8916	12758.65137	349.295105	393.0548706
376	12324.18066	12408.93359	346.5177002	431.2706299
377	12623.72852	12660.96777	347.3996277	384.6388855
378	12668.51953	12730.5918	339.8685913	401.9408569
379	12735.65723	12809.52344	352.5203857	426.3865967
380	12674.99219	12758.48242	338.9376831	422.4279175
381	12900.38184	12982.05664	346.5398254	428.2146301
382	12668.78516	12748.27441	346.5013428	425.9906006
383	12624.18457	12721.10254	349.5208435	446.4388123
384	12640.55078	12741.20703	354.097229	454.753479
385	12768.87109	12811.39746	346.680542	389.2069092
386	12926.23828	13034.86328	342.0089111	450.6339111
387	12983.7627	13053.11719	342.2848511	411.6393433
388	12805.32617	12887.35938	350.1461487	432.1793518
389	12951.92676	13017.39551	353.0547485	418.5234985
390	12968.1416	13033.25977	347.480072	412.5982361
391	12924.16504	12981.95605	355.5509338	413.3419495
392	12950.25	13022.16113	348.8807068	420.7918396
393	12911.53516	12987.74609	349.6439819	425.8549194
394	12647.11816	12667.88672	350.549469	371.3180237
395	12740.09082	12780.00195	345.1889038	385.1000366
396	13092.63281	13148.08398	344.9240417	400.3752136
397	12817.13965	12864.53223	349.2715149	396.664093
398	12923.44238	12958.60938	333.9656372	369.1326294
399	13071.72559	13093.88379	351.7669067	373.9251099
400	12963.79102	13002.80957	352.7948914	391.813446
401	12888.00195	12910.08008	349.4164429	371.4945679
402	12709.29688	12741.1416	354.200531	386.0452576
403	12682.12988	12742.98047	353.9022217	414.7528076
404	12722.45215	12775.62109	354.3266907	407.495636
405	12818.8457	12871.9043	343.979248	397.0378418
406	12713.32129	12791.85547	344.3605042	422.8946838
407	12659.69531	12729.32813	360.7843018	430.4171143
408	12989.21094	13024.59863	356.6494446	392.0371399
409	12703.31055	12740.52734	359.7495728	396.9663696
410	12815.9375	12878.69531	345.2349243	407.9927368
411	12862.32617	12924.84961	351.2843628	413.8078003
412	12587.08984	12673.79102	350.3605042	437.061676
413	12556.93945	12676.78125	340.9694214	460.8112183
414	12456.73438	12518.41406	345.5010071	407.1806946
415	12622.65234	12686.15137	355.0296326	418.528656
416	12642.43359	12732.8291	347.9371643	438.3326721
417	12620.10742	12719.71973	346.6400452	446.2523499
418	12589.89063	12671.86328	339.2867432	421.2593994
419	12752.09766	12795.5625	341.769104	385.2339478
420	12520.28906	12645.3291	353.4877625	478.5278015
421	12684.01855	12703.8623	365.704071	385.547821
422	12514.12695	12532.74023	348.1360168	366.7492981
423	12740.87109	12772.83496	351.8106689	383.7745361
424	12652.58398	12687.30664	352.3369446	387.0596008
425	12728.19043	12778.81934	357.489624	408.1185303
426	12611.18848	12707.41699	349.7799377	446.0084534
427	12622.5957	12641.56445	357.762085	376.730835
428	12882.94531	12946.62109	346.5317993	410.2075806
429	12716.92383	12747.0459	346.3970337	376.519104
430	12624.75	12690.3877	351.7583923	417.3960876
431	12819.73926	12862.95313	346.4898071	389.7036743
432	12576.99707	12642.20801	346.5192566	411.7301941
433	12404.41016	12489.51172	349.94104	435.0426025
434	12589.21191	12671.875	352.2019653	434.8650513
435	12648.90234	12724.0752	346.467926	421.6407776
436	12510.70898	12611.61035	340.5730286	441.4743958
437	12370.75	12446.87988	345.6963501	421.8262329
438	12248.63574	12351.21289	339.3815002	441.9586487
439	12300.19141	12382.31348	346.2927551	428.4148254
440	12454.70898	12560.62402	342.0451355	447.9601746
441	12453.28418	12535.10547	341.1026001	422.9238892
442	12573.97363	12595.83398	351.8277283	373.6880798
443	12674.87891	12731.44727	348.313446	404.8818054
444	12650.84668	12719.56738	346.8926697	415.6133728
445	12693.29102	12762.04199	360.2622681	429.0132446
446	12764.08301	12856.22266	338.8700256	431.0096741
447	12715.3584	12765.32324	355.8002014	405.7650452
448	12698.91113	12739.25977	340.4190369	380.7676697
449	12762.15918	12827.2168	345.7901306	410.8477478
450	12677.69629	12703.16406	339.7311096	365.1988831
451	12597.28613	12652.01953	343.6671753	398.4005737
452	12548.39551	12641.01758	342.1654358	434.7875061
453	12583.17773	12667.80762	350.6852417	435.3151245
454	12430.69434	12511.28613	349.8512878	430.4430847
455	12637.78027	12712.39355	346.4445801	421.0578613
456	12503.90918	12602.99512	348.5494385	447.635376
457	12476.85547	12557.77148	340.0757141	420.9917297
458	12386.42383	12475.85938	348.4840698	437.9196167
459	12540.73828	12585.30176	344.674469	389.2379456
460	12694.23242	12810.78027	344.5209045	461.0687561
461	12675.6084	12776.30176	349.9832458	450.6766052
462	12382.80469	12488.62695	349.2044067	455.0266724
463	12704.98828	12801.6582	336.500061	433.1699829
464	12897.85938	12985.43164	346.2457275	433.8179932
465	12617.78809	12715.08496	343.2157593	440.5126343
466	12650.90918	12737.82129	341.7902222	428.7023315
467	12622.13672	12694.39355	339.7165222	411.9733582
468	12708.59473	12811.90723	338.2035217	441.5160217
469	12783.94531	12914.41602	340.5360718	471.0067749
470	12944.06738	13060.86816	355.8459778	472.646759
471	12948.63965	13084.07031	347.1706543	482.6013184
472	12869.39453	13007.02441	355.9925232	493.622406
473	12828.98438	12958.49512	349.9887695	479.4995117
474	12984.70605	13137.18164	349.3293152	501.8049011
475	12769.48047	12881.97754	344.0569153	456.5539856
476	12715.83496	12861.46777	344.6991272	490.3319397
477	12577	12716.47656	347.502655	486.9792175
478	12735.70996	12871.67383	348.311676	484.2755432
479	12709.84473	12864.2168	342.9008484	497.2729187
480	12707.46387	12827.8916	348.4607544	468.8884888
481	12689.2998	12834.32227	343.553009	488.57547
482	12831.27832	12972.25586	339.5461426	480.5236816
483	12551.43066	12675.37988	350.9571228	474.9063416
484	12482.13379	12621.37598	348.6183167	487.8605042
485	12574.82617	12694.26367	340.7675781	460.2050781
486	12491.60156	12648.21582	342.5733643	499.1876221
487	12521.80273	12677.72852	339.4551697	495.3809509
488	12663.0127	12794.55859	341.6917114	473.2376099
489	12709.69824	12799.86035	344.7928162	434.9549255
490	12824.43262	12924.92969	341.0244141	441.5214844
491	12793.97266	12948.7002	343.1976624	497.9252014
492	12773.7207	12895.97363	350.4514465	472.7043762
493	13029.45801	13171.60156	347.9776306	490.1211853
494	13045.03223	13169.07813	349.2963562	473.3422546
495	12920.23438	13049.58691	330.2960205	459.6485596
496	12722.34961	12801.125	345.9034424	424.678833
497	12869.2373	12911.15234	348.5606995	390.4757385
498	12751.30078	12783.87598	329.2110291	361.7862244
499	12689.21484	12680.07129	331.3948059	322.2512512
500	12934.10547	12961.92676	329.2954712	357.1167603
501	12712.75098	12721.40527	341.9339905	350.5882874
502	13041.63281	13106.25977	350.8563843	415.4833374
503	12988.30957	13031.69043	347.4968872	390.8777466
504	12782.01367	12846.96973	354.5551453	419.5112
505	12694.0459	12756.27441	348.2589111	410.4874268
506	12698.26563	12794.81055	349.2015991	445.746521
507	13006.26953	13036.5752	348.120697	378.4263611
508	13064.04883	13121.74219	344.5242004	402.2175598
509	12891.13574	12942.57422	351.2917175	402.7301941
510	12833.66992	12904.78223	352.2859192	423.3982239
511	12913.56445	12968.50879	350.7852173	405.7295532
512	12917.77148	12981.26758	342.0679321	405.5640259
513	12648.48633	12715.21582	340.9510498	407.680542
514	12998.89551	13067.57324	337.3271179	406.0048523
515	12712.58887	12762.69727	335.4736023	385.5820007
516	12641.00879	12702.13281	343.8184509	404.9424744
517	12666.12207	12721.01758	349.6997375	404.5952454
518	12877.15332	12934.77246	346.9107971	404.5299377
519	12699.59961	12766.53809	349.8573303	416.7958069
520	12862.85547	12928.08594	346.3031006	411.5335693
521	12790.67383	12871.7207	338.4309998	419.4778748
522	12905.90527	12971.58691	348.7547302	414.4363708
523	12736.9248	12795.75488	338.5546265	397.3847046
524	12856.48047	12905.5293	343.112915	392.1617432
525	12922.59375	13001.45117	353.660675	432.5180969
526	12737.95996	12824.71875	340.6261292	427.3849182
527	12667.3584	12708.51953	348.1475525	389.3086853
528	12609.31152	12687.44824	340.052063	418.1887817
529	12723.10742	12805.25293	355.0939941	437.239502
530	12529.68066	12619.07129	352.7445984	442.1352234
531	12901.30371	12982.94141	336.5671082	418.2048035
532	12831.87988	12921.74316	333.9784851	423.8417664
533	12877.29492	12924.90039	347.0920105	394.6974792
534	12788.38574	12839.38184	350.3516846	401.3477783
535	12714.23633	12788.41895	343.8305054	418.0131226
536	12922.55957	13018.05664	340.1830139	435.6800842
537	12763.54785	12831.49805	341.4217834	409.3719788
538	12819.56543	12872.59961	339.8718567	392.9060364
539	12716.78711	12735.91602	338.7375793	357.8664856
540	12928.21387	12987.98926	344.7817993	404.5571899
541	12971.07617	13044.38477	346.6084595	419.9170532
542	12757.82324	12837.78516	333.0907593	413.0526733
543	13131.30176	13150.21191	336.4093018	355.319458
544	13091.59473	13135.33301	337.9250488	381.6633301
545	13014.63184	13009.51074	345.618927	340.4978333
546	12997.19727	13026.23828	342.5349731	371.5759888
547	12981.36816	12980.49512	334.7128296	333.8397827
548	13180.99805	13175.29395	348.2664795	342.5623779
549	13229.59863	13254.59082	346.9364319	371.9286194
550	12877.26563	12890.45996	342.5718689	355.7662048
551	12874.45703	12902.03809	339.9635925	367.5446472
552	12756.875	12777.18066	346.332489	366.6381531
553	13021.71191	13048.22656	345.087677	371.6023254
554	12891.52832	12922.62891	341.1327515	372.2333374
555	12952.27832	12986.2793	339.390564	373.3915405
556	12851.85352	12875.15918	338.988678	362.294342
557	12732.34863	12785.28711	339.3712158	392.3096924
558	12904.19141	12956.86328	338.4475403	391.1194153
559	12715.88086	12794.19531	343.5412598	421.8557129
560	12881.03516	12934.50586	346.9743652	400.4450684
561	12816.14258	12856.01465	333.2712402	373.1433105
562	12788.7959	12827.04492	343.8433228	382.0923462
563	12759.48633	12783.05469	343.0066833	366.5750427
564	13107.37598	13147.87598	332.243042	372.743042
565	12742.59277	12784.21387	344.1351318	385.7562256
566	12683.82813	12704.37207	344.2276306	364.7715759
567	12773.77441	12795.85938	332.8143005	354.8992615
568	12802.95508	12841.32129	344.5071106	382.8733215
569	12609.26563	12651.83203	340.5529785	383.1193848
570	12639.81543	12647.81836	345.0504761	353.0534058
571	12936.17871	12957.33691	345.7963867	366.9545898
572	12954.39941	12978.7207	337.0227661	361.3440552
573	12847.19629	12871.75586	345.1517334	369.7113037
574	12704.93555	12729.0957	332.3549194	356.5150757
575	12894.25684	12927.33887	337.1346436	370.2166748
576	12855.44629	12883.61719	346.7398376	374.9107361
577	13005.36328	13021.08008	345.2932129	361.0100098
578	12971.60938	12989.27441	339.5933533	357.2583923
579	12718.93945	12742.13867	344.6355286	367.8347473
580	12864.33105	12861.5957	348.4649963	345.7296448
581	12691.61328	12715.86816	337.8439026	362.0987854
582	12955.16016	12973.98535	337.544281	356.3694763
583	12856.10645	12878.77051	342.3270569	364.9911194
584	12901.7666	12916.11816	343.7674255	358.118988
585	12677.00488	12717.83887	338.2339478	379.0679321
586	12611.78418	12626.85938	337.7238159	352.7990112
587	12689.04199	12690.95898	353.9260864	355.8430786
588	12633.41406	12631.58594	355.7122803	353.8841553
589	12636.0127	12656.06152	353.3706665	373.4194946
590	12574.33887	12578.62012	354.4508362	358.7320862
591	12351.98242	12420.42676	337.0263672	405.4707031
592	12534.06738	12540.91992	343.6993103	350.5518494
593	12793.34473	12822.88477	349.9779968	379.5180359
594	12628.66211	12603.84473	348.0550537	323.2376709
595	12511.86523	12567.24609	360.8901062	416.2709656
596	12560.0332	12596.30078	343.2720337	379.5396118
597	12452.67383	12474.96387	351.067749	373.3577881
598	12648.11328	12695.16309	342.7701416	389.8199463
599	12464.20801	12532.65234	338.3631592	406.8074951
600	12579.7334	12634.18555	339.5154724	393.9676208
601	12628.41504	12705.96094	336.3726501	413.9185486
602	12582.72168	12640.42676	336.9225159	394.627594
603	12656.37891	12744.33203	344.632019	432.585144
604	12406.77051	12473.69727	344.4050293	411.3317871
605	12393.28711	12432.80176	338.3339539	377.8486023
606	12416.09961	12500.89648	344.1619568	428.9588318
607	12476.01855	12588.93848	344.0622253	456.9821472
608	12322.70996	12409.40625	343.0476074	429.7438965
609	12620.12598	12689.7334	346.0648193	415.6722412
610	12265.26758	12371.31348	337.7416077	443.7875061
611	12419.26758	12514.49414	343.694519	438.9210815
612	12403.97559	12511.91113	341.084259	449.0198059
613	12597.19141	12678.23828	342.0661621	423.1130371
614	12387.85254	12475.44629	341.7416992	429.3354492
615	12581.72949	12622.97266	334.3388672	375.5820313
616	12343.74805	12426.86719	335.3519897	418.4711304
617	12579.57617	12654.9248	344.3313599	419.6799927
618	12289.04883	12397.33594	334.2556763	442.5427856
619	12360.82422	12447.85156	338.1738586	425.2012024
620	12531.78125	12596.55664	338.7446289	403.5200195
621	12512.88379	12595.15918	335.7892761	418.0646667
622	12443.18457	12542.33301	343.4211121	442.5695496
623	12443.88379	12540.88574	335.9025879	432.904541
624	12444.42188	12514.3877	331.989502	401.9553223
625	12360.65332	12418.55176	330.6564331	388.5548706
626	12424.12402	12521.5625	335.9106445	433.3491211
627	12503.47363	12564.62793	334.1576843	395.3119812
628	12435.16211	12532.08105	346.4093628	443.3283081
629	12548.09766	12633.6377	343.7523499	429.2923889
630	12728.5918	12817.54297	335.7521057	424.7032776
631	12797.89746	12880.08105	345.7099304	427.8935242
632	12510.0625	12607.02734	338.9193115	435.8841553
633	12708.02734	12775.14453	344.4741516	411.5913391
634	12578.48535	12637.24121	338.1897278	396.9455872
635	12710.7041	12782.14063	327.5419617	398.9784851
636	12712.5332	12796.05762	326.2378235	409.7622375
637	12473.00684	12536.24805	335.075531	398.3167419
638	12651.42676	12717.87109	343.3137512	409.7580872
639	12525.55762	12592.29199	336.5058289	403.2402039
640	12469.83887	12530.0791	335.6635742	395.9038086
641	12608.74414	12669.28125	345.3387146	405.875824
642	12398.05859	12449.47754	337.8260498	389.2449951
643	12599.2168	12654.76367	336.7018433	392.2487183
644	12698.43652	12794.79785	355.4430847	451.8044128
645	12863.2998	12947.00781	349.5625305	433.2705383
646	12773.21875	12849.46094	341.2320557	417.4742432
647	12862.75586	12921.79785	339.0919495	398.1339417
648	12681.35449	12704.50781	339.2671509	362.4204712
649	12648.96777	12715.27246	339.6742859	405.9789734
650	12754.47656	12790.67188	348.2865295	384.481842
651	12641.62109	12665.13867	336.369873	359.8874512
652	12721.37891	12745.8125	333.903595	358.3371887
653	12565.37012	12632.67676	338.988678	406.2953186
654	12697.3877	12756.86523	338.3726807	397.8502197
655	12417.25	12461.79199	341.2421265	385.7841187
656	12468.82617	12520.42773	346.2042847	397.8058472
657	12627.4248	12657.59961	341.8138428	371.9886475
658	12436.11133	12477.6748	338.1012573	379.6647339
659	12591.29199	12638.70605	345.4686584	392.8827209
660	12718.43359	12791.68652	330.29776	403.5506897
661	12542.01367	12595.74707	337.641571	391.3749695
662	12652.36816	12718.49707	348.6172485	414.7461548
663	12718.47363	12773.91406	341.19104	396.6314697
664	12563.2207	12637.98535	343.8858032	418.6504517
665	12895.87305	13006.28027	333.980957	444.3881836
666	12746.55176	12790.61426	346.9235535	390.9860535
667	12805.24512	12866.70215	343.1996765	404.6567078
668	12636.86328	12701.68164	332.4503784	397.2687378
669	12655.56934	12690.08984	344.4746399	378.9951477
670	12840.64746	12940.99316	338.1713562	438.5170593
671	13009.5459	13092.07227	329.1918945	411.7182617
672	12881.45508	12958.48535	341.0877991	418.1180725
673	12686.48047	12750.80371	348.6133118	412.936554
674	12800.33203	12909.64844	334.8507996	444.1672058
675	12749.5166	12859.85059	334.1654358	444.4994202
676	12628.00195	12745.00684	333.6072693	450.6121521
677	12576.52539	12714.20703	333.1830444	470.8646851
678	12482.45508	12594.90918	340.0445251	452.4986267
679	12626.59375	12725.07715	346.7607117	445.2441101
680	12477.99121	12601.6543	331.7371216	455.4002075
681	12718.56543	12788.76172	335.0119019	405.2081909
682	12585.62402	12655.24902	337.8597107	407.4847107
683	12583.08984	12630.26563	333.5331116	380.7088928
684	12840.58984	12945.75195	339.6942139	444.8563232
685	12809.66016	12905.84375	332.5760803	428.7596741
686	12694.47949	12780.72852	339.5410767	425.7901001
687	13022.19336	13111.69238	340.8626099	430.3616333
688	12717.30762	12788.63379	342.8309937	414.1571655
689	12580.0625	12646.76074	344.2281189	410.9263611
690	12403.90527	12504.24805	338.2651062	438.6078796
691	12344.66309	12421.71387	338.7893677	415.8401489
692	12394.71387	12481.1875	352.7993774	439.2730103
693	12630.49316	12643.69434	351.9240112	365.1251831
694	12495.36621	12574.3457	344.6837769	423.663269
695	12612.45703	12675.41797	345.2218323	408.1827698
696	12381.72949	12449.62402	353.1268311	421.0213623
697	12456.16504	12517.57422	349.3001709	410.7093506
698	12450.68555	12490.65332	342.525116	382.4928894
699	12541.31543	12578.4082	340.7394104	377.8321838
700	12409.99219	12492.79395	348.0902405	430.8919983
701	12312.4043	12351.93066	343.7274475	383.2538147
702	12398.99023	12461.73145	342.9541321	405.695343
703	12434.0498	12470.17676	349.9309998	386.0579529
704	12377.37207	12450.5957	344.6573486	417.8809814
705	12845.91113	12921.46191	330.1600647	405.7108459
706	12480.13184	12522.06836	331.9477539	373.8842773
707	12455.65234	12547.21777	336.5591125	428.1245422
708	12407.69043	12477.55859	338.3339844	408.2021484
709	12471.7998	12545.26367	336.7707214	410.2345886
710	12659.76367	12725.05371	331.4910583	396.7810974
711	12799.74805	12895.53418	334.1380615	429.9241943
712	12914.43359	13011.16602	338.9781494	435.7105713
713	12798.93262	12907.50293	332.533844	441.1041565
714	12833.51953	12941.8457	337.5812378	445.9074097
715	12775.87305	12899.02734	328.3743591	451.528656
716	12807.48047	12920.77246	342.0644226	455.3564148
717	12536.80371	12644.74902	335.8925781	443.8378906
718	12653.44629	12774.87793	334.3160095	455.7476501
719	12735.68359	12829.78711	339.9176025	434.0211182
720	12711.35645	12831.78711	338.4920654	458.9227295
721	12723.22852	12823.07031	333.3127136	433.1545105
722	12649.4502	12780.63477	339.3237	470.5082703
723	12809.44727	12949.35742	336.9147339	476.8248901
724	12716.79883	12825.20898	334.6954956	443.1056519
725	12869.78906	12969.11426	334.1340027	433.459198
726	12919.63477	13026.33887	342.1973267	448.9014282
727	13170.23633	13277.17773	341.2305298	448.171936
728	12963.69043	13072.75586	329.0587158	438.1241455
729	12760.02051	12871.84375	333.5419006	445.3651428
730	12814.2666	12950.90527	342.2878418	478.9265137
731	12815.06934	12920.58105	340.4019165	445.9136353
732	12730.62207	12857.28418	336.6347656	463.296875
733	12959.37207	13090.48535	332.0030212	463.1163025
734	12875.04199	12960.61523	344.370636	429.9438782
735	12906.95996	12983.58398	324.6971741	401.3211975
736	12906.3584	12967.53613	341.4223022	402.6000366
737	12805.15723	12897.71289	349.8191223	442.3747864
738	12952.26074	13117.77051	341.5217896	507.0315552
739	12929.85156	13071.48242	343.8953857	485.5262451
740	12759.85938	12904.2793	341.5995178	486.0194397
741	13005.50488	13139.33984	338.1075439	471.9425049
742	12889.19629	13039.20215	340.1503296	490.156189
743	12965.20508	13088.19922	345.0959473	468.0900879
744	13283.24902	13415.12109	340.0367126	471.908783
745	12799.70801	12947.58398	347.4005737	495.2765503
746	13080.625	13199.70703	332.8977356	451.9797668
747	12934.25977	13062.76367	349.0822449	477.5861511
748	12587.49805	12722.59473	334.0186462	469.1153259
749	12898.82129	13007.63867	337.2834473	446.1008301
750	12526.49609	12627.55859	340.9306946	441.9931946
751	12770.79395	12891.60742	339.8869019	460.7003784
752	12911.02539	13046.0293	326.33255	461.3364563
753	12829.9668	12914.1582	333.9779358	418.169342
754	12955.80469	13069.40039	335.2798462	448.8755493
755	13268.6709	13370.69238	332.9264221	434.9479065
756	12971.67188	13061.54492	332.5894165	422.4624634
757	12806.1084	12892.74121	340.395874	427.0286865
758	13016.19629	13045.16504	347.5584717	376.5272217
759	13081.61426	13163.87695	336.6003418	418.8630371
760	12811.33301	12927.22461	332.5740662	448.4656677
761	12946.30566	13026.91992	322.9382019	403.5524597
762	12998.19727	13090.4668	339.8170776	432.0866089
763	12786.7666	12871.63672	331.335968	416.2060852
764	12710.41113	12858.85352	330.2922974	478.7346802
765	13046.69336	13181.21582	332.7768555	467.2993164
766	12925.31934	12974.30469	341.6967468	390.6820984
767	13027.68945	13057.47168	354.9811401	384.7633667
768	13253.51563	13274.99219	348.2169495	369.693512
769	12997.77246	13034.03906	347.9746094	384.2412109
770	13034.25586	13074.73242	351.6774597	392.1540222
771	12955.68848	13022.49512	341.6210938	408.4277344
772	12945.98926	13052.53711	355.3465881	461.8944397
773	12965.91895	13068.89258	354.4732361	457.4468689
774	13030.08789	13108.85254	351.4517517	430.2164001
775	13489.87402	13552.85938	347.2229614	410.208313
776	13289.89551	13397.44434	355.4066467	462.9554749
777	13307.67871	13358.80176	349.9138794	401.0369263
778	13151.22266	13233.01465	352.2861328	434.078125
779	13013.87207	13121.05371	339.753479	446.9351196
780	12890.0127	12951.62402	348.1013489	409.712677
781	12874.46582	12948.16895	350.4047241	424.1078491
782	12864.00684	12969.0498	346.2148743	451.257843
783	13062.41602	13089.75391	344.1195374	371.457428
784	12792.70508	12888.04688	342.9905701	438.3323669
785	12587.52051	12631.84961	339.2131042	383.5422058
786	12536.61523	12599.56738	347.7785645	410.7307129
787	12758.30273	12895.5957	338.6403503	475.9333191
788	12763.10059	12891.47754	326.79953	455.1764832
789	12925.59668	13052.19238	328.3505249	454.946228
790	12886.10645	13031.87012	326.6000366	472.3637085
791	13024.00098	13144.74609	335.2800903	456.0252075
792	12772.10059	12899.20898	345.232605	472.3410034
793	12765.57324	12891.49414	337.2859497	463.2068481
794	12897.85059	13056.59375	338.7320862	497.4752502
795	12938.02051	13064.70605	329.1471863	455.8327332
796	13122.03613	13211.76563	334.2778015	424.0072937
797	13326.63672	13413.48926	339.6338806	426.4864197
798	12900.11719	13016.23438	330.7290649	446.8462524
799	12972.34082	13107.90527	335.960968	471.5254211
800	12899.14355	13024.31348	332.6245422	457.7944641
801	12974.06445	13069.79785	331.5340576	427.2674561
802	13288.4668	13412.33887	338.86026	462.7323303
803	12780.93652	12917.1416	332.8585205	469.0635986
804	12945.51074	13054.30176	338.5109253	447.3019409
805	13005.55859	13128.5166	330.3174133	453.2754211
806	13131.55469	13238.00391	330.9082642	437.3574829
807	13173.79297	13293.64258	330.3213806	450.17099
808	12992.15625	13111.7002	331.4651489	451.0090942
809	12988.05957	13131.74609	332.3023071	475.9888306
810	12887.93066	13041.49805	331.8977661	485.4651489
811	12934.83398	13064.70215	330.2503357	460.1184998
812	12856.54883	13015.71582	341.4240417	500.5910339
813	12839.02148	12935.05566	335.1939087	431.2280884
814	13192.4541	13303.7373	337.4321899	448.7153931
815	12915.65234	13036.08789	334.9508362	455.3863831
816	12941.17773	13059.45313	337.3809509	455.6563416
817	12682.84277	12865.89453	339.6964111	522.7481689
818	12805.72266	12942.35254	341.0933228	477.7232056
819	12890.76465	13019.56641	344.8996582	473.701416
820	12735.74121	12893.81445	339.8110046	497.8842468
821	13099.65039	13233.58594	348.7713623	482.7069092
822	12918.57422	13085.65723	338.256073	505.3390808
823	12779.54492	12925.79492	332.4622192	478.7122192
824	12656.37598	12813.62012	345.2077942	502.4519348
825	12755.98047	12904.64258	331.5701904	480.2322998
826	12773.52148	12909.47656	350.6163635	486.5714417
827	12741.99219	12895.00391	343.7606201	496.7723389
828	12790.04688	12927.48926	340.3651733	477.8075562
829	12895.21582	13040.17188	347.5647278	492.5207825
830	12725.24512	12857.08984	340.3481445	472.1928711
831	12757.33301	12921.38867	347.3430786	511.3987427
832	12520.29492	12683.41699	345.3354187	508.457489
833	12555.54102	12673.13477	334.8978271	452.4915771
834	12891.39355	13037.51855	336.4653625	482.5903625
835	12839.02344	13005.30469	325.3056641	491.5869141
836	12631.86621	12811.5293	316.2917786	495.9548645
837	12863.28906	12999.51855	336.7113953	472.9408875
838	12754.94141	12898.06641	323.4172058	466.5422058
839	12498.91309	12642.23828	326.5939941	469.9191895
840	12710.51074	12835.86133	334.7010803	460.0516663
841	12867.09082	12991.04785	333.3127441	457.2697754
842	12908.58105	13043.53125	326.9762268	461.9264221
843	12816.58496	12966.28809	332.0696411	481.7727661
844	12619.65137	12745.34473	335.9367981	461.6301575
845	12682.61621	12782.06152	331.8617554	431.3070679
846	12951.60547	13087.10059	338.3591003	473.8542175
847	12695.38086	12846.12207	341.2702637	492.0114746
848	12720.29395	12877.92578	340.138031	497.7698669
849	12846.95801	12996.45898	341.6665649	491.1675415
850	12750.42773	12900.45703	335.9627075	485.9920044
851	12903.86426	13068.41309	337.5603943	502.1092224
852	12865.15723	12971.28125	334.4466858	440.5707092
853	12946.13086	12995.69434	339.9784241	389.5419006
854	12958.77539	13006.19141	340.4190063	387.835022
855	12820.84082	12882.46875	346.0351563	407.6630859
856	12795.40039	12846.4834	342.4512024	393.5342102
857	13140.45996	13226.95215	352.5020447	438.9942322
858	12709.40234	12793.44434	349.252655	433.2946472
859	12492.21094	12585.90039	339.3895569	433.07901
860	12587.23926	12652.86328	347.0203552	412.6443787
861	12914.16113	12981.35449	356.2322388	423.4255981
862	12729.40137	12751.23535	356.8014832	378.6354675
863	12727.7373	12820.42969	341.3421021	434.0344849
864	12678.41016	12767.77637	349.2033691	438.5695801
865	12716.77246	12805.33887	343.1275635	431.6939697
866	12731.99023	12794.78125	342.8487854	405.639801
867	12498.49805	12580.97168	342.444458	424.9180908
868	12592.4541	12646.78711	347.2473145	401.5803223
869	12623.3252	12699.33789	349.4952393	425.5079346
870	12724.47461	12789.42188	340.9055481	405.8528137
871	12758.07324	12790.23828	336.7295227	368.8945618
872	12935.89746	13005.91309	343.6907654	413.7063904
873	12846.19531	12970.41895	334.9807434	459.2043762
874	13015.19727	13104.94434	350.0397949	439.7868652
875	12727.90918	12823.66992	346.4968567	442.2575989
876	12533.71484	12624.86035	342.9086304	434.0541382
877	12652.71777	12714.49805	352.0891113	413.8693848
878	12738.41211	12806.18848	344.1838684	411.9602356
879	12607.41406	12698.17383	342.205658	432.9654236
880	12910.37793	12999.73242	349.9634094	439.3179016
881	12881.11621	12953.79102	330.6591797	403.3339844
882	12576.47461	12682.06445	344.9298401	450.5196838
883	12747.53906	12822.15527	352.1303406	426.7465515
884	12641.41211	12726.51953	345.4115906	430.5190125
885	12637.20508	12740.50781	341.9251709	445.2279053
886	12727.81934	12830.48828	353.9084473	456.5773926
887	12644.31055	12729.68555	339.5023804	424.8773804
888	12917.33398	13014.32617	354.3614197	451.3536072
889	12675.85352	12740.57715	342.6854553	407.4090881
890	13025.73145	13073.82129	344.8675232	392.9573669
891	12833.03809	12870.18652	341.1679382	378.3163757
892	12720.64063	12786.68652	341.1063843	407.1522827
893	12754.44043	12813.0498	346.0967712	404.7061462
894	12902.91406	12979.32227	348.3214722	424.7296753
895	12616.47656	12694.0293	341.7834778	419.3362122
896	12555.67969	12584.92285	341.3521118	370.5952759
897	12746.42383	12859.97461	339.1530457	452.7038269
898	13128.65918	13169.58301	334.77771	375.7015381
899	12987.11621	13026.46289	339.2877502	378.6344299
900	12938.53223	12986.64258	338.2929993	386.4033508
901	12847.63965	12885.82031	338.9371643	377.1178284
902	12692.02637	12708.12793	343.0099487	359.1115112
903	12940.0127	13013.98145	343.8322754	417.8010254
904	12762.76465	12797.22656	349.3652344	383.8271484
905	12718.4082	12768.35254	345.3030701	395.247406
906	12763.39648	12833.61621	339.7469482	409.9666748
907	12680.2207	12732.17969	345.1328735	397.0918579
908	12687.34375	12730.00195	343.1818237	385.8400269
909	12806.56152	12875	342.3461609	410.7846375
910	12857.55566	12970.26758	347.5747986	460.2867126
911	12802.5293	12841.95801	347.8718262	387.3005371
912	12842.76172	12877.23535	358.0571594	392.5307922
913	12848.68555	12892.82227	341.8990479	386.0357666
914	13020.63574	13023.00488	357.5778503	359.946991
915	12736.34863	12812.24805	353.5644226	429.4638367
916	13007.66406	13003.9707	341.687439	337.9940796
917	13001.62012	13024.55273	349.9840088	372.916626
918	13001.8584	13033.78613	352.068573	383.9963074
919	13076.56641	13147.96289	343.5279236	414.924408
920	13087.72852	13102.28906	346.9560547	361.5166016
921	12875.52148	12959.12988	342.5140991	426.1224976
922	12951.22656	13019.29395	343.9858398	412.0532227
923	12889.16016	12911.26563	343.7747192	365.880188
924	12757.23047	12843.6709	340.9341736	427.3746033
925	12757.59375	12842.92773	344.2658081	429.5997925
926	12840.44434	12890.65137	341.6781006	391.8851318
927	12873.88379	12871.8916	348.926178	346.9339905
928	12968.86621	12971.25098	341.5404053	343.9251709
929	12851.49609	12901.73535	347.437561	397.6768188
930	12769.67676	12807.52051	344.3117981	382.1555481
931	12825.43848	12936.03711	337.2811584	447.8797913
932	12539.62695	12627.75	342.8955383	431.0185852
933	12872.46289	12956.22852	340.0746765	423.8403015
934	12740.58301	12824.65918	338.9183044	422.9944763
935	12981.25781	13079.89941	345.9707947	444.6123962
936	12952.30176	13056.71387	345.4264221	449.8385315
937	12782.78223	12851.25391	345.3990173	413.870697
938	12888.31738	12982.28223	357.2463379	451.2111816
939	12846.77051	12951.13379	347.7765808	452.1398621
940	12804.57715	12929.77051	344.0064392	469.1997986
941	12750.90918	12829.56934	347.9620972	426.6222534
942	12867.79395	12936.14746	350.5836792	418.9371948
943	12774.41602	12841.30957	354.9942017	421.8877563
944	12800.35742	12836.6416	345.1613159	381.4454956
945	12750.37695	12781.03809	349.7145996	380.3757324
946	12622.26855	12703.26855	348.7489929	429.7489929
947	12870.69727	12970.94434	350.3624573	450.6095276
948	12645.36914	12743.59277	352.276825	450.5004578
949	12721.48145	12844.36816	345.3206482	468.2073669
950	12745.31152	12796.36621	337.2570496	388.3117371
951	12819.60254	12924.86719	341.3508911	446.6155396
952	12799.23047	12859.50488	341.1081238	401.3825378
953	12775.64746	12888.05762	339.3113708	451.7215271
954	12885.22363	12976.36133	333.441864	424.5795593
955	12734.67188	12823.84277	339.6951904	428.8660889
956	12760.39844	12872.27637	333.5167542	445.3946838
957	12814.50879	12923.00293	334.5238342	443.0179749
958	12837.51465	12944.53906	338.0819397	445.1063538
959	12987.0166	13083.96094	337.020813	433.9651489
960	12675.74219	12766.58105	341.023407	431.8622742
961	12992.37207	13077.05957	346.7469482	431.4344482
962	12939.94238	13002.63184	340.9392395	403.6286926
963	12867.44141	12932.05859	345.7371216	410.3543091
964	12792.09473	12911.88477	345.7054138	465.4954529
965	12886.54883	12965.41406	340.592926	419.4581604
966	12916.45996	13011.58496	342.0036316	437.1286316
967	13058.79688	13156.20117	337.6551208	435.0594177
968	13182.3877	13211.72949	354.0487061	383.3905029
969	12966.91309	13055.20313	347.3272095	435.6172485
970	12935.51563	13020.76855	351.6616211	436.9145508
971	12741.86035	12831.24219	343.763916	433.145752
972	13173.95996	13277.00488	339.9269104	442.9718323
973	12967.81543	13038.38379	338.5523987	409.1207581
974	12942.3877	13043.90234	333.5926819	435.1073303
975	12908.35059	13024.12988	352.0461426	467.8254395
976	12998.10645	13116.7373	350.8540955	469.4849548
977	13049.22754	13153.3457	347.1173706	451.2355347
978	12980.64941	13079.89258	341.9350281	441.1781921
979	13020.88672	13143.26465	339.1111145	461.4890442
980	12820.07031	12945.74316	349.3401184	475.01297
981	12783.99219	12905.84961	341.5600281	463.41745
982	12591.6416	12706.40625	347.1444702	461.9091187
983	12705.28906	12820.63477	360.1698303	475.5155334
984	13118.10938	13232.40137	330.3701172	444.6621094
985	13004.55859	13128.86816	346.0811462	470.3907166
986	12732.69434	12847.98145	347.9040527	463.1911621
987	12686.03809	12815.19141	353.9723206	483.1256409
988	12504.56543	12661.18066	344.4822083	501.0974426
989	12418.1748	12572.06641	340.8130798	494.7046814
990	12649.14648	12825.57813	344.7234497	521.1550903
991	12479.95117	12653.15332	343.7256775	516.9278259
992	12537.62891	12739.88965	339.4968567	541.7575989
993	12484.81641	12644.1084	345.4413147	504.7333069
994	12371.30957	12538.46289	344.0491943	511.2025146
995	12564.97363	12743.00391	344.9360962	522.9663696
996	12628.29199	12789.59277	338.9047546	500.2055359
997	12465.92773	12655.32227	333.6009521	522.9954834
998	12459.62012	12631.0293	339.1309204	510.5401001
999	12678.41895	12863.06738	338.3766785	523.025116
1000	12556.82227	12722.39453	337.820282	503.3925476
1001	12570.92871	12740.94922	337.7137146	507.7342224
1002	12552.20898	12702.40625	345.2683716	495.4656372
1003	12330.75977	12500.24219	340.2108765	509.6932983
1004	12529.75879	12707.13672	341.735199	519.1131287
1005	12494.67578	12662.34473	339.3334961	507.0024414
1006	12333.13379	12505.89844	333.1679382	505.9325867
1007	12474.55859	12629.4209	338.6257935	493.4880981
1008	12393.19824	12564.98633	338.0670471	509.8551331
1009	12370.56348	12523.88867	336.9345703	490.2597656
1010	12292.0293	12454.08496	327.8129272	489.8685913
1011	12469.32227	12637.36328	336.8903503	504.931366
1012	12651.25	12821.26953	337.5523376	507.5718689
1013	12606.71387	12754.58789	341.9782104	489.8522339
1014	12869.18164	12951.05371	346.4387817	428.3108521
1015	12568.80859	12725.28125	330.8265686	487.2992249
1016	12644.35645	12764.84961	341.5172729	462.010437
1017	12693.73535	12833.85449	339.3171387	479.4362793
1018	12691.2002	12862.12988	328.9582214	499.8879089
1019	12800.78711	12969.63379	336.1602478	505.0069275
1020	12567.85547	12705.35352	336.0838318	473.5818787
1021	12568.19922	12730.33594	341.881958	504.0186768
1022	12777.17676	12928.48535	334.5462036	485.8547974
1023	12455.18555	12611.08398	342.5761108	498.4745483
1024	12383.10547	12560.07422	338.4104004	515.3791504
1025	12426.38965	12587.02344	337.4533081	498.0870972
1026	12331.96484	12495.56055	340.6652832	504.2609863
1027	12601.25	12671.24902	339.7184753	409.7174988
1028	12466.92969	12599.49707	337.9416199	470.5090027
1029	12345.24512	12496.10156	334.8294678	485.6859131
1030	12685.66797	12853.08496	340.1711731	507.5881653
1031	12368.42969	12508.66211	343.7558594	483.9882813
1032	12379.63867	12522.6543	345.494812	488.510437
1033	12483.44824	12595.56348	340.1824646	452.297699
1034	12586.89063	12673.55957	343.7762451	430.4451904
1035	12547.0791	12660.18457	341.8352051	454.9406738
1036	12587.97754	12754.80957	335.9853516	502.8173828
1037	12564.40039	12717.86914	345.542572	499.011322
1038	12614.61816	12690.10449	328.8697205	404.3560486
1039	12417.65723	12570.03125	348.6117554	500.9857788
1040	12465.98145	12620.43457	340.56604	495.019165
1041	12517.63477	12663.78027	335.8566284	482.0021362
1042	12583.3623	12717.63867	339.3583984	473.6347656
1043	12462.86133	12594.74316	334.1828003	466.0646362
1044	12513.64648	12626.93359	340.8990173	454.1861267
1045	12581.78223	12706.37207	345.3980408	469.9878845
1046	12447.51953	12608.1543	343.5570068	504.1917725
1047	12247.43066	12408.47949	336.0139465	497.0627747
1048	12456.35547	12610.64648	335.8782654	490.169281
1049	12531.11621	12684.04492	334.1574402	487.0861511
1050	12519.78613	12669.07227	337.963501	487.2496338
1051	12655.92188	12808.62207	346.539032	499.2392273
1052	12912.00293	13062.83398	340.3511658	491.1822205
1053	12290.15234	12445.13184	330.0700684	485.0495605
1054	12783.39746	12942.73926	352.150238	511.4920349
1055	12793.40137	12948.53516	335.5552979	490.6890869
1056	12492.31934	12652.5166	339.1184082	499.3156738
1057	12335.24512	12505.44531	340.3923035	510.5924988
1058	12618.32129	12783.19824	341.9955444	506.8724976
1059	12613.96191	12761.74121	342.0653992	489.844696
1060	12671.0166	12826.94434	342.6769104	498.6046448
1061	12776.40039	12918.44043	343.5703735	485.6104126
1062	12643.99805	12803.76563	341.8464966	501.6140747
1063	12700.20313	12827.32031	352.9529419	480.0701294
1064	12581.24316	12679.53516	342.3139954	440.6059875
1065	12620.21973	12734.29688	330.5762329	444.6533813
1066	12681.36523	12809.38574	341.3174744	469.3379822
1067	12761.39746	12917.74609	334.2554321	490.6040649
1068	12774.86328	12900.39355	348.5260315	474.0563049
1069	12777.96582	12906.40039	344.6515808	473.0861511
1070	12730.42773	12865.29297	340.3896179	475.2548523
1071	12616.22949	12750.77441	343.9473877	478.4923096
1072	12460.375	12607.24414	338.2394714	485.1086121
1073	12557.33789	12714.32715	340.0201111	497.0093689
1074	12734.05469	12901.64746	332.2646484	499.8574219
1075	12784.23633	12951.20117	349.5748291	516.5396729
1076	12799.94629	12967.41113	341.2936096	508.7584534
1077	12659.64355	12798.85254	335.9157104	475.1246948
1078	12851.41016	12973.79297	342.3562317	464.7390442
1079	12689.67285	12843.01367	346.6679993	500.0088196
1080	12827.38477	12966.21387	335.3441772	474.1732788
1081	12728.98438	12874.11914	338.3390198	483.4737854
1082	12435.79688	12588.43652	343.3708496	496.010498
1083	12469.72656	12650.65527	343.0473633	523.9760742
1084	12705.58008	12863.10449	338.5606689	496.085083
1085	12514.65039	12652.44922	337.1017151	474.9005432
1086	12455.2002	12612.60059	336.9240112	494.3244019
1087	12418.76367	12591.50195	338.942688	511.6809692
1088	12440.83008	12588.73828	337.3276367	485.2358398
1089	12669.71973	12806.98633	342.3560181	479.6226196
1090	12695.16406	12868.9375	344.0496521	517.8230896
1091	12720.75098	12860.43945	343.991333	483.6798096
1092	12747.7207	12919.55664	338.5971375	510.433075
1093	12971.87988	13102.07031	339.9462585	470.1366882
1094	12530.65137	12669.57324	343.8377686	482.7596436
1095	12736.99316	12857.27441	340.5715332	460.8527832
1096	12616.42383	12800.20605	335.2627869	519.0450134
1097	12824.58398	12966.23633	340.2407532	481.8930969
1098	12707.11621	12857.71484	343.2424011	493.8410339
1099	12797.21484	12949.08203	337.7886353	489.6558228
1100	12409.91699	12545.85156	335.4035034	471.3380737
1101	12503.91016	12648.38672	349.5652771	494.0418396
1102	12333.7959	12471.20801	341.2028809	478.6149902
1103	12561.60352	12711.23242	334.2680054	483.8969116
1104	12699.97168	12838.21289	342.42453	480.665741
1105	12297.28906	12445.79395	341.9108276	490.4157104
1106	12312.92285	12465.16016	342.5756226	494.8129272
1107	12285.80664	12439.31738	345.8514404	499.3621826
1108	12594.37402	12743.4082	330.6252441	479.6594238
1109	12559.63184	12704.5752	334.9003601	479.8437195
1110	12397.79102	12583.16895	337.8044434	523.182373
1111	12587.10059	12713.09668	349.8462219	475.8423157
1112	12630.86523	12786.97754	347.9533081	504.0656128
1113	12635.88477	12769.17188	352.0592041	485.3463135
1114	12308.99023	12460.13965	350.0578613	501.2072754
1115	12480.49512	12605.87988	346.0248108	471.4095764
1116	12650.8252	12814.67773	341.0339966	504.8865356
1117	12760.58398	12924.1748	341.3383484	504.9291687
1118	12653.93359	12768.16699	350.9058838	465.1392822
1119	12541.87109	12700.00684	336.9310608	495.066803
1120	12607.54102	12752.91797	336.7488403	482.1257935
1121	12634.86816	12793.18945	343.9385376	502.2598267
1122	12708.37207	12879.91797	339.5461121	511.0920105
1123	12894.75293	13038.30273	337.6443176	481.1941223
1124	12636.97461	12776.99219	339.9532776	479.9708557
1125	12426.65527	12577.93359	334.4806213	485.7589417
1126	12647.68066	12786.91797	338.0504456	477.2877502
1127	12498.54297	12641.60645	343.8106079	486.8740845
1128	12691.44141	12833.14551	335.8460999	477.5502014
1129	12598.55078	12723.8877	345.3862305	470.7231445
1130	12451.83691	12571.61426	333.9344788	453.7118225
1131	12479.48633	12611.29297	340.0630798	471.8697205
1132	12398.31836	12533.125	336.6322327	471.4388733
1133	12375.75391	12516.57715	332.2264404	473.0496826
1134	12558.32422	12702.80762	339.7871399	484.2705383
1135	12774.75	12909.68555	328.4145813	463.3501282
1136	12805.49707	12972.07422	336.0682373	502.6453857
1137	12803.51953	12965.70215	339.6924133	501.8750305
1138	12680.23242	12853.89063	344.5395203	518.1977234
1139	12694.16895	12827.53906	352.291687	485.6618042
1140	12868.38086	13040.98242	347.5280457	520.1296082
1141	12926.73926	13051.77734	334.4077454	459.4458313
1142	12757.91699	12915.10352	334.1204834	491.3070068
1143	12627.8584	12771.42871	341.6683044	485.2386169
1144	12595.19629	12737.87012	348.6557312	491.3295593
1145	12754.4834	12927.87012	334.0237122	507.4104309
1146	12619.13477	12759.29688	344.4595642	484.6216736
1147	12880.62402	13042.75488	342.1438599	504.2747192
1148	12711.74219	12858.99902	337.3284302	484.5852661
1149	12879.2793	13012.26953	345.7077026	478.697937
1150	12811.42773	12967.97754	338.816803	495.3666077
1151	12652.14648	12776.28516	337.6813049	461.8199768
1152	12692.875	12805.92188	344.8094482	457.8563232
1153	12450.69727	12612.28516	339.1166077	500.7044983
1154	12364.81836	12535.91113	342.0048523	513.0976257
1155	12709.60156	12872.72852	344.5930786	507.7200317
1156	12617.6377	12769.83301	335.5261536	487.7214661
1157	12582.14844	12742.68457	343.8322449	504.3683777
1158	12443.08496	12592.77832	337.7103882	487.4037476
1159	12410.56055	12533.13281	333.8040466	456.3763123
1160	12585.75586	12736.43359	346.1937561	496.8714905
1161	12695.04297	12829.58008	338.0075073	472.5446167
1162	12819.25684	12983.99121	338.0444336	502.7788086
1163	12672.36328	12832	347.034668	506.6713867
1164	12756.25391	12913.01172	342.0461121	498.8039246
1165	12768.38379	12905.44824	341.3672485	478.4317017
1166	12606.22168	12778.19922	339.388031	511.3655701
1167	12770.11621	12897.91406	352.0594482	479.8572998
1168	12616.46191	12794.06641	342.7550659	520.3595581
1169	12690.72559	12818.51465	351.1471558	478.9362183
1170	12706.09277	12827.52344	342.970459	464.401123
1171	12803.53125	12953.05664	339.5499573	489.0753479
1172	12818.07227	12939.26172	351.8815308	473.0709839
1173	12953.69336	13112.21875	341.9465942	500.4719849
1174	12662.18848	12807.78027	340.403717	485.9955139
1175	12924.80469	13093.90723	343.4706421	512.5731812
1176	13022.95215	13194.16602	329.4083557	500.6222229
1177	12852.1709	13017.01758	345.0257874	509.872467
1178	12777.98145	12934.30078	334.0835266	490.4028625
1179	12580.54297	12752.3252	338.2239075	510.006134
1180	12446.97168	12552.25391	354.9213257	460.2035522
1181	12844.20605	13032.01855	329.9240723	517.7365723
1182	12626.12109	12778.02539	348.4147339	500.3190308
1183	12825.88477	12973.2832	343.9765015	491.374939
1184	12708.89844	12854.20605	347.1500244	492.4576416
1185	12681.99805	12836.7373	345.4877319	500.2269897
1186	12954.23047	13100.99023	342.8955688	489.6553345
1187	13052.2627	13209.81641	336.4648438	494.0185547
1188	12850.07031	13018.03711	344.3514709	512.3182678
1189	12974.2207	13125.52832	339.3171692	490.6247864
1190	13121.2373	13291.8418	331.6743164	502.2788086
1191	13259.56738	13428.81641	333.0817261	502.3307495
1192	13007.60645	13180.78809	333.3841248	506.5657654
1193	13065.02344	13234.14453	335.5648499	504.6859436
1194	13076.66211	13251.41211	333.6426392	508.3926392
1195	12966.14648	13102.62988	347.4279785	483.911377
1196	12884.96875	13039.24023	343.2026672	497.4741516
1197	12884.92578	13034.53223	342.0232239	491.6296692
1198	12707.72559	12870.84277	343.7128601	506.8300476
1199	12976.99902	13115.15918	348.5710754	486.7312317
1200	12826.9082	12985.22754	345.5453186	503.8646545
1201	12885.59277	13016.33301	343.4788818	474.2191162
1202	13001.4043	13133.72949	342.6143188	474.9395142
1203	13262.20215	13422.09961	332.3392944	492.2367554
1204	12932.02539	13048.79004	349.3630066	466.127655
1205	12987.17871	13120.81348	343.6341858	477.2689514
1206	12985.40723	13107.70703	338.2854614	460.5852661
1207	13057.19629	13184.10254	334.2566528	461.1629028
1208	13165.79883	13265.83887	344.3713684	444.4114075
1209	12912.97949	13057.45215	338.6202087	483.092865
1210	12624.07227	12760.99707	340.3684692	477.2932739
1211	12882.06445	13031.19043	343.8687134	492.9946899
1212	12976.58301	13110.5625	337.2784119	471.2579041
1213	12904.09961	13057.40332	340.2244568	493.5281677
1214	12969.30078	13105.96094	335.3024902	471.9626465
1215	12898.42383	13016.58008	327.663147	445.819397
1216	12741.06836	12895.80078	343.3544922	498.0869141
1217	12587.79785	12761.99414	348.682373	522.8786621
1218	12655.67676	12842.00781	340.820343	527.1513977
1219	12677.64453	12837.11523	342.6555786	502.1262817
1220	12771.15137	12926.35156	339.6544189	494.8546143
1221	12834.23535	12983.12988	351.1883545	500.0828857
1222	12860.93457	13033.53418	346.4078674	519.0074768
1223	12580.44336	12715.68945	343.2026978	478.4487915
1224	12630.31641	12800.26367	339.7685242	509.7157898
1225	12623.97461	12767.58496	334.7633667	478.3737183
1226	12510.4082	12672.44434	339.684845	501.7209778
1227	12664.15723	12843.1582	333.9575806	512.9585571
1228	12674.77051	12862.09961	342.4746094	529.8037109
1229	12892.88574	13061.68945	333.7314453	502.5351563
1230	12585.43262	12746.43164	338.1100464	499.1090698
1231	12635.15039	12801.09668	333.6643066	499.6105957
1232	12719.33398	12871.98145	353.53302	506.180481
1233	12664.83691	12817.43945	333.4692383	486.0717773
1234	12689.37109	12827.71191	338.6702271	477.0110474
1235	12800.95508	12975.46777	349.2486572	523.7613525
1236	12720.30664	12876.13184	338.7441406	494.5693359
1237	12744.23145	12893.1123	338.0484924	486.9293518
1238	12786.53125	12945.01758	341.6763611	500.1626892
1239	12747.53809	12920.26172	334.2883911	507.0120239
1240	12774.6377	12967.14355	333.1314392	525.6372986
1241	12858.34766	13010.76758	345.4513245	497.8712463
1242	12576.27637	12730.6543	338.1253662	492.5032959
1243	12659.37988	12812.01074	338.6662292	491.2970886
1244	12826.33691	12999.95703	336.3381958	509.958313
1245	12787.99707	12945.06836	337.1899414	494.2612305
1246	12861.63477	13013.56152	338.0688477	489.9956055
1247	12767.42773	12939.7793	331.6858521	504.0374146
1248	13181.10742	13326.82129	338.1871948	483.901062
1249	13078.19824	13192.65332	340.9859619	455.44104
