7.192497068377627
7.5373945257567865
7.59731353273499
6.970420058190372
8.433071058746268
6.356128450097214
8.390226977460353
8.17610134504673
7.7351141437645445
7.597492227127454
7.637792249989676
7.300405602636483
8.273598107477358
7.8716486125257585
8.004256151657907
8.41425243151418
7.823496931809695
7.226158826134317
7.758057597433418
7.281853952747531
8.199666898943082
7.631786565045841
7.1497961162747705
7.729385443780665
7.371231793290253
6.383909700203701
4.742987112185839
5.308803011369096
6.0418216263985745
8.42609090829579
8.071305659985208
7.342591144921933
5.165394973806614
5.5441289369377955
7.582525525623849
6.614315158752668
7.193324358073619
7.424023643792836
8.001396162341152
7.442115349806064
8.510559943308321
6.903749547772474
7.086315635603723
7.062953260422607
7.784839778552302
7.256670206717841
7.299805561099772
8.212412910396127
9.068699336886437
11.298110638639976
5.973541868987957
3.7883912077029143
5.311117975930602
4.073891056675114
4.596832834882234
6.411248324182409
7.539129397016811
8.020347766314678
6.0038099036238055
6.650932604267633
4.4886379474476135
5.734018750827945
7.104972933313991
4.351936565700695
6.321975293272377
7.841710533330985
6.645524812313645
6.455529595319867
6.213936390695042
6.569512757056101
8.756145953648504
6.750906479250852
6.780031701826064
4.702836464688186
2.9615964564202972
5.33153076848341
3.6265097895572587
2.8522300928645556
5.601052934765845
6.078847810408071
5.7395747821879315
6.2429008551205865
5.0446485014279965
7.38491623328891
5.432547614216993
5.071904806321472
6.422883719493179
5.67277224615832
6.565927177899448
5.372722887992026
5.903104762150949
6.292351314666356
6.360354671887531
6.245789058755868
6.230216742408362
5.491414450759346
5.612855745803695
5.358411293470427
8.23900755050237
8.033989243785486
5.684295399576397
5.758991757418489
6.030580421118193
4.093513372021127
7.230578943313088
5.096473442851118
5.882931407238801
4.377207460458463
6.030922609448059
5.640065419023543
5.97818959520392
7.548838646075454
6.398342100124034
5.286173065979659
6.4787487058531665
6.681495218444776
5.200335322745671
5.247777282859252
2.928507205655237
2.9280132468995856
2.668803492176864
3.264399823739415
2.991014176930066
2.8197030477331433
3.0498097381214455
2.84367671991092
2.842651981296628
2.8162450697287467
2.6706939196311428
2.9989980789593216
3.0874881194839285
3.149046781577015
3.2335884650230504
2.9177827300105137
2.7402625284607542
3.1438130915150735
2.949364353681594
2.8852881857839963
2.94299409401512
2.8931785385796633
3.3511767208781964
2.7693792497986114
2.769702967650842
2.6975808599811
2.8159304322042233
2.9278798436824105
2.7641214829337595
2.8892200038804217
2.864994017013701
3.232093638086551
2.9347000444998823
2.7601298366887628
2.9904872438860863
2.9172296625669727
2.6761229317924506
2.8160337807357987
2.943768827435029
2.883515500835684
2.7372664860284424
2.976979738168622
2.876474983273555
2.813433868718121
2.832632433536786
2.896641666634559
2.6833799449060534
2.8539334982360796
5.46861934588445
3.9494353215743727
7.551063359891853
5.1714920937151065
9.489211644884833
8.904055647735499
9.327826363450903
9.96267224122443
10.331407221402586
6.44100475615973
6.382235972589909
6.03953802439357
6.879241443781933
8.341224939171495
10.20130068317071
8.771964918149992
10.698854145786315
9.831565847022999
9.523481097700916
8.913729094664886
8.505649067031353
8.48860476617807
7.908458092430822
8.763855638433144
7.312977517140066
6.682206533589227
8.232761158508945
7.849392153518775
8.606511067507716
7.382875605196986
7.922380063716966
5.749760239183362
7.783155523761657
6.57062355151158
10.851316884043985
9.429106614985736
9.539265725113355
8.03092792188998
7.680545802634616
9.713132123429888
8.907135622529367
9.227673161591397
10.38831370786194
10.945390685622154
10.542856506549635
9.871014479194063
8.579819918499062
4.779028876351491
5.745399562965111
5.287378343526313
7.86800557281368
6.068469959009883
5.999756136144626
4.861443328730314
4.468011400022848
4.9251838610930365
3.3863993469243203
3.306607891540066
2.9161408650547043
2.9775959165423442
2.787181040718025
2.791312013716914
2.667436680752257
3.0234272308173997
2.7475892531839325
3.0323285479687856
2.727368444068367
2.6813373591039213
2.5944385631905145
2.7444681367926815
2.7696297441854654
2.979457116612225
3.7485879301220697
2.710428234000845
2.6381853034412375
2.8476275723776947
3.0511135381029297
2.8370541042202593
2.8619319445378046
2.763240558403583
2.769094381689429
2.6986460313552856
2.5424057130005298
2.919162227318509
2.6476609244201468
2.6775545676064034
2.679625206379459
2.903628745072798
2.7459210552465847
2.8120981381499814
2.7516322466725076
2.931474050978353
2.8925552596607553
2.740954360766336
2.6328575192896158
2.6821652777213116
3.0873666861956006
3.000752891093359
2.7541424769257628
2.8657567548448033
3.077496698460918
2.889580482098447
4.9338335092536365
4.491551178139425
3.610909960073799
4.46278714615138
3.5951829662430868
2.720930540479229
2.8344851959790907
3.0119164738581685
2.8211640683919508
2.6532673755310103
3.0652121480503842
2.7717160001945733
2.9175741666457693
2.9848361220605346
2.904632751596418
2.9694209431593563
2.805755737723606
2.7510316114176283
3.0768520440579943
2.799598434833245
2.734973606192621
2.7151827003499096
3.191508455107174
2.7362983419631193
2.8453063640258227
3.164022167328153
3.1441470550134176
2.9460134588275775
2.8747701510754458
2.767021292104543
2.76082941772383
2.9357300208492965
2.8112048297986365
2.8667196265108714
2.7205837787871996
2.8354064103305308
2.696035441738746
3.044818829773435
2.8408384737104604
2.692033453420488
2.839203185441472
2.9110243471692994
2.8293304151468255
3.0503186150914
2.6893689893221624
2.7029775276154155
2.6200806597119883
2.6844926247235708
3.0234228088714405
2.8228687128993286
2.7219112205808753
3.002683738456716
3.300032224291155
3.5342532566884404
2.8836590571350946
2.823948270784544
2.6874023633696793
2.899726718795663
2.7298296284509616
2.993774729420307
2.863851507882089
2.7265392834238527
3.0167548773746478
2.822826320453456
3.0829693788351413
2.7289154678112113
2.7041235543884476
3.148865033554101
3.194738979316202
2.774285412541878
2.8688651584310074
4.580502554228495
2.7075593089573204
3.0315555747763225
2.94170796212021
3.1892804581881813
2.83421694348237
2.9113239256478973
2.7834008949530387
2.9216570586302093
3.4803878115938836
2.986356194698753
2.7270823723108513
2.911634955119307
3.214669506303791
2.8905854869330843
3.249545101414321
3.0847899784539616
2.750488830215291
2.722050067944948
2.6535221621650225
2.889935642875882
2.7372278336335745
2.8295344343307156
2.8469581846515744
3.0035604064650054
2.9988201810286346
3.02399800743054
5.5022235816555956
5.338781541415789
3.9852797755606435
5.488778364628938
5.251825825937943
3.6238934725144794
4.1466018611724795
2.8630423341423037
2.779487306981968
4.616083318452583
5.145485644223615
5.735568795750561
5.412948717865582
6.103317836451324
4.953878644332
3.0838083124515934
3.1080079972559305
2.6712970012016592
2.842521795201755
3.004664385487616
2.79518092899307
3.0264457478843374
2.6385151182738626
2.893314564970766
3.0144988432342483
2.692738491766797
2.9929730611379526
3.0084639498788994
3.0413218805583093
2.871768384121915
2.87014532706139
2.7371004556833145
3.31061464053052
4.7244314310173054
5.997711125434774
6.617168619679308
5.626718869239255
5.9411641029253115
7.021151526969479
6.123213399119958
6.613383488413061
8.481147088512808
7.663435604331048
6.346021885994338
8.054090401101602
5.652130010942118
7.009352085315854
7.269304880716977
6.809456587421287
4.942333695869507
6.037216264335251
6.219059691250298
4.9441435929164665
5.242297030993135
5.106611757422801
5.3610833296952904
4.903619984685096
6.278003536217423
6.23284872876576
5.808019262627233
7.346401702635222
7.522563946427065
6.1918515098809905
9.553313976420172
9.727517668070828
6.744669413306722
7.589928533167033
6.3820682618540685
7.724242719342727
7.59346151357019
9.932998217553465
9.250179873895032
7.845259512402908
7.592233592766942
7.796211923670682
6.820904527473561
7.601769726911532
7.946173776278475
8.570435973261002
7.748480909145025
8.613258286893036
4.573899760911995
6.637396686419958
6.380199708905567
5.901791752608411
6.040994936992814
7.436284828470575
6.894937115892247
7.406603264251455
6.875816065647865
7.92288818722563
8.143819935067114
8.440888762341906
9.028581195871736
7.050137067010235
7.532926220138252
8.187246326902653
7.157842110391493
7.600970144598588
8.404941401804074
8.04896366192613
7.459885363666923
6.644623013950296
9.633465909168544
7.522769217502905
7.476928123408945
6.687951950000527
8.642077372156566
6.511181384580578
6.960686850414308
6.251024326567396
7.86476028157667
7.992719474420195
7.933877631740984
7.497839452400099
7.648288600185573
8.026720511016034
10.064496771049326
6.88160962655148
6.839597616140886
8.44356631090001
6.738556203579402
6.945821250804093
7.969376503898301
8.304412100338357
6.630156061892654
7.277802771643732
8.43408621674377
7.1904641657206785
8.190172811921958
8.717161286034962
8.285510984585839
7.044585042665123
7.074100149522756
7.812824676450776
7.7285565187650365
7.601903625517471
7.183776643661817
4.971021193200552
4.961217187790103
4.594202674923573
4.675401501140121
4.7251898293235195
4.977980214441217
5.314153163501604
6.718202250152765
6.8131284289967855
7.901065391952415
6.837141566854342
6.27881450099763
8.51617673796309
5.077402090732196
4.534360026559438
4.964971760614285
5.566622746986603
5.875863440148554
6.472757592492642
5.898062836609191
7.027098601715324
5.915750878575822
7.35094727090494
7.036576777435449
8.424481544297166
10.003104188177705
9.154747058148084
10.200111440109831
10.111142926477891
7.137052863935292
6.501502680058872
6.681715336246202
7.635329522657331
7.848760519614222
7.999741205383976
7.5205206538429055
7.0272382154952515
6.519300009185441
6.385249838608836
6.7589607488220365
7.342254659425556
6.805839981178093
8.08073884624453
7.631682133700801
7.666463688149913
7.510804446008813
6.796002237981908
7.1081476242514885
7.564113582816534
7.489783047545081
3.9179451806649923
5.0023122971558065
5.025327061975126
6.397400145738434
5.891030097564011
6.01477837673009
5.44809205221777
6.273654117718042
6.382982361447044
5.545813859916515
5.080307100027513
5.350758788899597
5.001853594084792
5.4068477425476775
4.772355398094024
5.682010888891259
5.099603394658113
7.122478705218716
6.403677778898785
5.943073483875498
5.876989161916966
5.206535066457439
6.0491436634565705
5.7073372361672385
5.909633356627522
5.895967192487586
6.205856647560549
5.726280262224636
5.549753496411179
6.001953550455448
5.441443514591871
5.297644509191526
5.981606777153867
6.078468913498866
5.57867423298555
5.722611443789224
5.6832414962801145
5.34660843639631
5.166192198604877
6.356211159515695
6.42308675547308
6.3395653328433
4.355442885290737
6.572848372739839
6.190934070708736
4.562609833217557
5.505702637435701
5.509258533784637
4.606179289485585
5.128524018648889
4.312598887396359
4.676839842186411
5.323096860058957
5.0487898211606534
5.409047849952143
4.983666485700959
4.456342523814117
4.298600262933235
4.711551408001736
4.394018610480831
5.076478632685303
4.46790937951902
4.74162746146829
4.399413011362192
4.711141634993957
5.300303300430499
5.868300354281671
4.50530128650672
4.819676290089831
5.414532939794056
4.72708964273063
5.464057712305457
4.792030027844918
7.996178984362975
7.318790566155899
7.042145587091907
8.427994216625732
4.788513501068733
6.309999337706829
5.381732795389477
4.423335262559863
4.659781632018144
4.881795857407176
4.340881763739931
6.408420444789089
4.240387009840986
4.746773170804503
5.265111184447384
4.280725402003223
4.402220194745926
4.971599059232721
4.574496833663868
6.413053817155895
4.778605493226436
5.728771985635297
4.915704216197062
5.389479837354228
5.003628666942731
5.386147340027774
4.5812861333397885
4.799991833748754
5.847588795059167
6.122664696499084
4.5237313379384005
8.143882183250499
7.439132497891279
5.346727824387404
5.017465447707865
4.94200770750118
4.978361924157656
5.079240041495129
4.511608316033
4.307823412223433
4.938384357168268
4.465375189873389
4.979930749031592
4.647146445276566
5.012715393801857
4.746247384334744
4.6821519564310625
4.628195389454978
6.080325293423266
7.207324851201458
4.954287039618982
4.800479545364428
7.499092304694392
5.89189247970387
8.13562200700049
8.759952379372175
9.885578947027552
8.196104872685442
10.08297588655253
9.227639029384088
8.364609930777746
8.381579038637218
7.629101312170769
9.765834608573522
9.405705498810491
8.768289836214015
8.012342786398
7.351407565109801
7.121159413438205
6.908960855529454
7.073204605858318
7.378636120259277
6.411348996249441
6.5460836973622225
9.655389665150071
8.826099948649556
5.369509440373472
5.368352829168933
4.593708389774724
4.097429274148929
4.802660091077092
5.2763447127009755
8.211443599945795
7.551148560849785
6.748405618426009
9.247769840899698
9.879831490283635
9.308066295235465
9.144914888554776
9.992137908411785
9.384507330194257
8.122801836402084
6.894883480425653
9.316037088801219
11.844555961557568
10.1427151700627
9.853727610772141
11.694531414639288
10.587101217843577
7.352076720584185
4.555837483891773
5.539374137080225
3.3368609439096533
4.249580528929432
2.6993744066768373
3.1741313803254325
2.623784292026673
2.691528664234754
3.08414135444365
2.8999097667267644
5.190121130756587
5.146429145584902
5.03331404857695
2.9216115085712513
5.620479150039387
4.487513864926793
5.0238804484896535
4.62061774515053
5.235032752500061
4.168090134974268
4.239355408773332
4.219070561955647
3.945937473522627
4.79389995299896
5.879229635164859
4.022283668488693
3.069222154798953
2.7719269534056843
2.6694452099089894
2.847208036987905
2.9033819466175
8.337140848055602
8.04430494226119
8.040413801825673
8.171686338794505
9.634472791171332
8.714960626297053
7.555034924786466
9.788576628819493
8.51355520264377
7.649798425008715
10.914211622731061
8.811950780720734
6.56246301975001
7.599085080765612
7.907717932061347
6.755401553811087
3.9187828080064
5.657536543524511
5.8020631268442875
6.408908793365954
7.322697344948837
6.611548783533456
8.47853257482441
7.786962642766784
8.618203016657226
8.461956125793101
8.035864212287377
6.896661887594988
8.468707461020774
8.428153882297682
7.737038369310438
7.57775939290454
7.37196682498284
6.10320221082441
7.682627886650095
6.038673732368637
7.789233576999945
7.109331589506611
7.079719723167985
7.290718472786103
6.9072225731059085
6.615760216938138
7.301068703682341
6.381868837202815
6.146782843137269
7.111153063745252
6.723199216527969
7.482821714197696
6.66515059785603
6.783380760499577
7.397303984426121
8.189213496099018
5.953900614873582
6.534072017448712
7.167131268531259
6.902409771473614
7.345648714945505
7.5290439444082216
6.629788392389595
7.298188374382247
7.496956884191301
6.716509305117261
7.303704948847906
9.004938720725493
8.02701283486103
8.022876960187535
7.661633329331349
7.9419010242539025
8.24190802556976
8.863004359439776
8.006543348823136
6.343810187074376
7.694542963021331
8.31047742471212
9.005927846688136
8.936916482547202
8.101401435929041
8.737335499096549
7.76645254287445
8.016230001976638
9.122547403098054
5.128263714427549
7.826075127137002
7.341163569479051
7.089589771234541
8.22292237224236
8.458158389214278
6.171116535242118
5.9407282251207105
7.0359062946497675
6.637200762081951
7.667641382090965
7.46937223936414
6.406758869369363
6.6197608715920415
7.139925594116552
7.645832195335038
6.7183722395437355
6.478624425456472
6.642345367304236
8.322821953484587
5.90191887990638
7.493327510354372
6.408867343211488
7.074942011779511
5.977214554914467
7.590856563004197
6.822416095644501
6.003510561902539
7.471184353214819
6.851223202329944
6.636675623523953
6.870647444085149
7.770716862927105
6.559079532551493
4.735683854570429
8.005766427561142
6.542718580062012
6.096892538857504
7.3285535610426145
6.450904343283453
6.097810455936128
7.048806014503601
6.010280665400247
6.576978455155965
6.532086479078416
6.6136934871095425
7.662729438758739
8.411875730491726
5.611567539380595
6.785864599889746
6.144934409624227
6.99775357266897
5.315257680372015
7.218212909980084
6.238759901399783
7.261694052057147
6.5100298993165495
7.046157062180174
6.158132742382842
6.357353912393435
7.282842157329203
9.54112821321383
7.880277229408974
6.717403118900224
6.966922544817578
7.2899131104964505
5.548956809489161
6.206966022340048
6.745868858474086
6.510003309892135
6.808351333137521
5.264782453604833
8.374521865028578
8.590161937162605
8.00224761065035
7.105047592294682
8.436800223409868
7.343426731064621
8.59128669702105
7.3250071598517845
6.857851456981249
7.5182623473072185
7.479080613236952
7.212317282492657
7.906647066565083
7.092007756328867
7.334056505971948
8.11504641831281
6.834705768046965
6.890834651706887
6.590722796524194
6.016309714067598
6.978186264496575
6.715594916549689
6.958911887873988
6.942550620856867
6.598869089186325
6.378277810928612
6.389992054955061
6.801186371673318
7.718639361001486
5.923380393206093
6.204526952349058
6.939268215048928
7.427928208303807
7.799571070281729
7.73720445071809
7.3764733980877155
9.247346101183156
8.517610657182663
6.510129775381044
5.5985018175007415
6.299140489234256
6.7695986404831325
7.945096598407341
7.901719222332709
5.190247876469694
7.3366302733687325
7.333646764873559
6.939035817083032
7.327761815606905
5.643809600761252
6.240799719348442
6.5105449966951765
7.654945662407759
7.668652781358289
7.348449407287722
6.502982610742406
6.5394958836746415
6.30469328812504
6.356077710898795
7.151215286418373
9.218427473797158
8.70765285961387
6.953349959863086
6.810609265762913
7.692678080062302
8.414452766875453
8.155949882222648
8.111696142881101
6.934124730997968
6.583779034026821
8.213305784538598
7.964901234170747
8.846128915528663
8.382062675036101
7.062444170630767
7.977543580555842
7.635134051900266
7.499089237474247
8.08824505558644
7.318377296970905
6.65724168070136
7.432788904392227
7.1357588408926365
8.298731115935055
6.152849423779541
7.541592009680161
6.64616477253205
6.213997365196921
7.753560728761971
6.375527549095416
7.6546918507450785
6.352323683604745
7.4881692990052295
6.286248693924357
6.787507907951519
7.170926191114264
7.551779976237964
6.924422383074975
6.88640966497902
6.739607152655611
6.84367626788088
8.459168317527032
8.120426601855064
7.411185183712445
8.370037031792746
6.544881361896843
7.10737880586077
8.9612243609105
7.249649406811489
7.048095824469404
6.563898923537356
6.882049506616156
6.6541389734094025
7.186418812875378
7.730525375063117
7.851559525579913
7.210125413428784
5.357358448407762
6.6226365004809296
7.643224081494057
6.822189101250402
8.554311799675766
8.543363347240303
9.095722963034781
9.631653671973094
6.178752487742813
8.7374912396142
8.562738075569467
8.339812157798997
8.964886607078217
9.372088564358682
9.266008240202206
6.539497817205382
7.109002958473719
5.9212427029956105
6.417257648219762
6.346559694024858
5.905420352976347
6.206184311019255
5.174909294030205
5.279918297761224
6.257779731365461
6.303895011442151
5.489445645722654
6.438504173632807
7.008976797998776
8.88202390499648
6.512275494042278
6.22273409999776
5.803171652238003
8.852807663193873
9.168723632151512
8.263132036893321
8.962861878931175
8.066741109295457
8.791646779612089
9.299280345468626
7.539397901344597
8.259163521129308
8.464488675458762
9.836045288315004
7.334252463074848
6.358868434617904
4.508819442744778
7.504874738456341
8.011276080545986
7.226910470064858
7.68228071118763
8.22677986026864
7.1477804945965735
7.734439736552959
8.065805029758593
7.988283349985942
8.072396701159509
7.557596628695764
7.013271668425103
6.930965769439071
7.6202115360177505
7.292229623731847
7.557251544179045
6.6689898045742755
8.407321760081489
6.542204441037049
6.484908074496634
7.725183944669387
7.480319415478829
6.641648571032171
7.995125205477375
9.415195550247864
8.533429022091
9.115044259556997
10.217719130025998
6.640005838970627
7.513174222434192
7.3697186773731875
8.359018267491939
7.627565008024448
6.97520672135143
6.909268964810765
6.8961012038738
7.947932047171731
7.642668458478648
7.306726611249383
8.271665709297165
7.893358165038044
7.131749982240559
7.929295795146096
8.054089553746385
7.0912335548443455
8.243706608618114
7.641418910807938
6.61117449516612
8.141768175908277
7.6963729413271045
7.750945093442459
8.419870179750218
7.582867195050093
6.8880714138415735
7.890995200500358
8.589700672192933
7.552546597758248
8.252417778476163
7.725182520220666
7.476527265390726
7.421354822929994
7.174667177038685
7.71507468696265
8.108250234943805
7.564264973816731
6.876440330285926
6.375974900060601
7.103709145098496
7.781600575167969
8.018180782105288
7.821404869573306
7.311971968928511
6.480354471984957
7.228115702846061
10.055954428465531
10.240216159891787
10.295739868892094
9.88989346916577
10.25741876500187
9.672081874875516
6.584090890455511
8.790717980944633
7.070819815868491
7.610640223465547
6.3417228584823135
3.9235581617635757
8.977722867038437
9.410299629669883
4.71927143731492
8.540636702745964
9.529871806906446
7.526896374049891
8.953452274470765
11.24886441193786
9.592013277934893
9.79458523834859
10.782621315981146
7.870150263284129
8.377853843202699
8.109921618669066
8.120079735573649
7.428909116841287
7.488381319176594
6.878135384683806
7.6723897527241105
7.366830998058062
7.517570478895362
7.321602315213232
7.602264864301176
7.74139282111949
7.797284670010668
7.73846186058731
7.796605599601637
7.370445973886487
7.9137891205316455
7.985223505232179
7.829983344572378
8.107487893897119
9.750345683333679
8.871616843708498
9.469701950443698
7.789971261345463
7.23668564335474
9.174255155179727
6.202549136659389
7.322026010715466
7.790143876399258
8.289624276574154
9.784346400189513
7.426785268562988
8.257044299341256
8.163099544956003
6.968503050533479
6.314880303519965
7.694553822940542
8.922697395308663
9.40373851813114
9.083821151506841
9.356478589092406
9.184068263537672
9.03490325652605
9.436832711500136
10.264187137630405
9.874150135917843
8.709844133828629
10.12403679553559
5.316887599287969
3.860474219885695
3.732424313586709
5.158436140989578
5.240325088309372
5.834097279992434
6.353460835880662
6.1139862922691
4.9968704522615734
6.656992249609815
9.12578714900677
5.823021024877861
5.247461233312806
7.766366714510121
8.157583623036153
4.98228297435518
4.373181885433036
5.785259173619924
7.229357506775148
4.1713035575026005
4.1785165317150135
5.769455412534877
4.9027264400191175
6.697400543072124
6.366988833936555
5.104356973657563
5.3079622025240205
3.0620573322119786
3.60347017896222
3.60347017896222
