2.4401779174804688
2.4584693908691406
2.4932069778442383
2.411799430847168
2.4504404067993164
2.4385902881622314
2.447321891784668
2.4448306560516357
2.4375667572021484
2.469158411026001
2.4815642833709717
2.452812910079956
2.434645414352417
2.427637815475464
2.350184917449951
2.4213051795959473
2.4691905975341797
2.4377434253692627
2.500842332839966
2.4403202533721924
2.4046761989593506
2.4845566749572754
2.4505815505981445
2.4747684001922607
2.4500017166137695
2.471867561340332
2.3907628059387207
2.467881679534912
2.4882359504699707
2.4446659088134766
2.3973608016967773
2.4061429500579834
2.4360599517822266
2.422320604324341
2.4368534088134766
2.451280355453491
2.445596218109131
2.434891700744629
2.4494168758392334
2.391900062561035
2.4686646461486816
2.4526002407073975
2.4700927734375
2.452939033508301
2.4465298652648926
2.4487390518188477
2.4493253231048584
2.473775863647461
2.4448938369750977
2.448167324066162
2.3891615867614746
2.4448699951171875
2.4485020637512207
2.4660372734069824
2.482994794845581
2.4487903118133545
2.4466302394866943
2.4539644718170166
2.3698456287384033
2.381865978240967
2.469960927963257
2.4616177082061768
2.4332849979400635
2.411435127258301
2.4802491664886475
2.4208967685699463
2.4335460662841797
2.441612958908081
2.4402291774749756
2.4409897327423096
2.3986971378326416
2.480356216430664
2.408949136734009
2.464644193649292
2.422827959060669
2.37278413772583
2.460866689682007
2.39864182472229
2.3972573280334473
2.4313220977783203
2.470611333847046
2.4378163814544678
2.3900439739227295
2.429072618484497
2.393192768096924
2.450807571411133
2.4684338569641113
2.4051427841186523
2.446300506591797
2.4300942420959473
2.4170644283294678
2.423267126083374
2.465224504470825
2.3885066509246826
2.427962303161621
2.409834384918213
2.450850009918213
2.41831636428833
2.444458484649658
2.4097847938537598
2.39125919342041
2.430823802947998
2.388667345046997
2.435188055038452
2.4101510047912598
2.4514968395233154
2.432438373565674
2.4293341636657715
2.4019148349761963
2.4391777515411377
2.4703168869018555
2.402719497680664
2.429645299911499
2.485293388366699
2.429527759552002
2.441908359527588
2.437366247177124
2.450563430786133
2.46293306350708
2.4338483810424805
2.4266648292541504
2.417401075363159
2.4531912803649902
2.3724496364593506
2.4624218940734863
2.3899261951446533
2.432976007461548
2.4605937004089355
2.424309492111206
2.4170265197753906
2.457446336746216
2.425593376159668
2.4787917137145996
2.437302350997925
2.483628988265991
2.4562368392944336
2.4505341053009033
2.4367754459381104
2.407094955444336
2.4363579750061035
2.4069037437438965
2.4247100353240967
2.476400136947632
2.3847010135650635
2.421466588973999
2.4664032459259033
2.4787795543670654
2.4357717037200928
2.446922540664673
2.4803757667541504
2.4408631324768066
2.4664382934570313
2.476705312728882
2.4531400203704834
2.43818736076355
2.445706605911255
2.428152561187744
2.424137830734253
2.4507102966308594
2.4578816890716553
2.38938570022583
2.481977939605713
2.4319815635681152
2.4683377742767334
2.4460091590881348
2.413236618041992
2.4694299697875977
2.4947893619537354
2.483302593231201
2.45760178565979
2.509660005569458
2.439755439758301
2.445207357406616
2.4535722732543945
2.4635987281799316
2.431062698364258
2.4421236515045166
2.4457626342773438
2.4579882621765137
2.4399893283843994
2.447169542312622
2.4333279132843018
2.401827573776245
2.425050735473633
2.4547669887542725
2.4458229541778564
2.459028720855713
2.412264108657837
2.4482290744781494
2.3943355083465576
2.4652371406555176
2.424140453338623
2.4356720447540283
2.3890810012817383
2.4100162982940674
2.466416358947754
2.458875894546509
2.4128196239471436
2.434100866317749
2.402508497238159
2.473332166671753
2.3584985733032227
2.4310150146484375
2.4556286334991455
2.414036750793457
2.4399356842041016
2.434303045272827
2.464477062225342
2.4104084968566895
2.4354946613311768
2.4155635833740234
2.474947214126587
2.444471597671509
2.406532049179077
2.490447998046875
2.4137799739837646
2.4358792304992676
2.407609462738037
2.436384677886963
2.420037031173706
2.4383480548858643
2.435049057006836
2.4062929153442383
2.346989393234253
2.4460935592651367
2.3895740509033203
2.4561774730682373
2.438986301422119
2.466449499130249
2.437680244445801
2.452077865600586
2.4308669567108154
2.4641027450561523
2.469060182571411
2.4622299671173096
2.4478182792663574
2.4635729789733887
2.419645071029663
2.4626669883728027
2.510549306869507
2.4248130321502686
2.4365344047546387
2.445707321166992
2.4228174686431885
2.4595322608947754
2.46079683303833
2.465949296951294
2.4390299320220947
2.4423344135284424
2.441983222961426
2.453281879425049
2.4480702877044678
2.441307306289673
2.4625561237335205
2.4228482246398926
2.3842079639434814
2.438987970352173
2.485569715499878
2.4228038787841797
2.454270124435425
2.4321374893188477
2.444075107574463
2.4863898754119873
2.411947011947632
2.4390504360198975
2.4437713623046875
2.425283432006836
2.4995195865631104
2.4725475311279297
2.428870677947998
2.485633134841919
2.471846342086792
2.462627410888672
2.470958948135376
2.403146505355835
2.479602813720703
2.478290557861328
2.441298007965088
2.450906753540039
2.448979616165161
2.459871768951416
2.44175124168396
2.4534339904785156
2.416560173034668
2.4282426834106445
2.4328155517578125
2.467801809310913
2.489219903945923
2.462902069091797
2.469965934753418
2.4329285621643066
2.430612564086914
2.425626039505005
2.4301552772521973
2.459451198577881
2.491586685180664
2.4168970584869385
2.4458611011505127
2.453885555267334
2.481745958328247
2.4796621799468994
2.4754116535186768
2.4406628608703613
2.4269702434539795
2.4445109367370605
2.4674832820892334
2.437485694885254
2.4461567401885986
2.464261531829834
2.45156192779541
2.449092149734497
2.454009771347046
2.463798761367798
2.4756486415863037
2.4631166458129883
2.4865427017211914
2.4636919498443604
2.398388624191284
2.4655301570892334
2.4238715171813965
2.439350128173828
2.4358816146850586
2.4526922702789307
2.4574384689331055
2.4453446865081787
2.4243907928466797
2.431520462036133
2.46331524848938
2.4563803672790527
2.454512119293213
2.4310734272003174
2.4629037380218506
2.4303598403930664
2.427593231201172
2.4599881172180176
2.414055109024048
2.4524152278900146
2.48191237449646
2.440445899963379
2.413356065750122
2.465402841567993
2.4625327587127686
2.486921548843384
2.4293441772460938
2.4840011596679688
2.4287281036376953
2.4160287380218506
2.444847822189331
2.463737726211548
2.465630531311035
2.4474148750305176
2.4424800872802734
2.4427731037139893
2.4423575401306152
2.435883045196533
2.459136962890625
2.4756789207458496
2.476816415786743
2.478512763977051
2.4392645359039307
2.471616268157959
2.4899120330810547
2.483217477798462
2.4749975204467773
2.4632797241210938
2.494009494781494
2.4504430294036865
2.4619805812835693
2.4411847591400146
2.469083786010742
2.4492969512939453
2.459261894226074
2.447610855102539
2.457780599594116
2.4172937870025635
2.4571595191955566
2.447580099105835
2.4646291732788086
2.431565523147583
2.4625253677368164
2.464597702026367
2.382235527038574
2.37286376953125
2.454002618789673
2.434129476547241
2.479238986968994
2.458361864089966
2.4203200340270996
2.4893746376037598
2.490438222885132
2.421724557876587
2.4355132579803467
2.4077816009521484
2.427238702774048
2.472451686859131
2.4385392665863037
2.4932451248168945
2.476663827896118
2.446591377258301
2.402731418609619
2.458757162094116
2.437882423400879
2.368893623352051
2.4535510540008545
2.4818766117095947
2.464355707168579
2.461158037185669
2.4758825302124023
2.482576370239258
2.4608116149902344
2.487975835800171
2.433295965194702
2.473280906677246
2.4630393981933594
2.452883243560791
2.3974719047546387
2.470651626586914
2.478792190551758
2.382878303527832
2.404430389404297
2.4164512157440186
2.43483829498291
2.379678964614868
2.5066258907318115
2.420562505722046
2.418012857437134
2.3855395317077637
2.446729898452759
2.4569413661956787
2.4409055709838867
2.452556610107422
2.4686663150787354
2.399348020553589
2.455005407333374
2.4495041370391846
2.3972673416137695
2.4439988136291504
2.4637551307678223
2.410489320755005
2.462083578109741
2.416196823120117
2.3859198093414307
2.460846424102783
2.415954351425171
2.4600627422332764
2.4328575134277344
2.4445672035217285
2.4114701747894287
2.401550531387329
2.4303436279296875
2.444091320037842
2.3990631103515625
2.426889657974243
2.4360623359680176
2.415496349334717
2.4209468364715576
2.39481782913208
2.435342311859131
2.5043177604675293
2.4335193634033203
2.423705577850342
2.434960126876831
2.483860492706299
2.450610637664795
2.4266197681427
2.4489686489105225
2.416851282119751
2.3733091354370117
2.4401583671569824
2.3957762718200684
2.440002679824829
2.4881234169006348
2.4319570064544678
2.3925788402557373
2.4410817623138428
2.437206983566284
2.37270188331604
2.434469699859619
2.4500057697296143
2.460188627243042
2.3959121704101563
2.444601058959961
2.4391672611236572
2.4267098903656006
2.490898370742798
2.398395538330078
2.4651174545288086
2.4063560962677
2.431870937347412
2.425915002822876
2.403632640838623
2.4439172744750977
2.443262815475464
2.500298023223877
2.4103610515594482
2.410499095916748
2.413989782333374
2.475346803665161
2.4822282791137695
2.4380061626434326
2.4302358627319336
2.4519312381744385
2.4389312267303467
2.441918134689331
2.423762083053589
2.483773946762085
2.4730498790740967
2.442225933074951
2.471714496612549
2.4518072605133057
2.4345827102661133
2.4436182975769043
2.4350697994232178
2.4540884494781494
2.3908677101135254
2.404078483581543
2.4983925819396973
2.424431324005127
2.412356376647949
2.4040045738220215
2.4526114463806152
2.4389848709106445
2.4260411262512207
2.418949842453003
2.398878335952759
2.411830425262451
2.435886859893799
2.481750965118408
2.4344358444213867
2.466576099395752
2.4485960006713867
2.410479784011841
2.4256465435028076
2.4071810245513916
2.409926176071167
2.4236643314361572
2.4424965381622314
2.448582887649536
2.4840359687805176
2.4306728839874268
2.4361798763275146
2.4579594135284424
2.4255881309509277
2.44429612159729
2.443821430206299
2.4097836017608643
2.497525215148926
2.4546611309051514
2.460947036743164
2.4494259357452393
2.443617582321167
2.4923765659332275
2.4678657054901123
2.4777581691741943
2.461473226547241
2.4752869606018066
2.4208014011383057
2.3798933029174805
2.4518702030181885
2.4054689407348633
2.47039794921875
2.4564356803894043
2.4503252506256104
2.4304966926574707
2.4091851711273193
2.4399702548980713
2.416722059249878
2.4267308712005615
2.422189712524414
2.4156317710876465
2.4188153743743896
2.45051908493042
2.4476733207702637
2.472126007080078
2.4334728717803955
2.4554548263549805
2.428929567337036
2.4259207248687744
2.431873083114624
2.4869589805603027
2.4609482288360596
2.4336352348327637
2.40297269821167
2.429339647293091
2.4479897022247314
2.455321788787842
2.426499843597412
2.472815990447998
2.442728281021118
2.445880889892578
2.4373295307159424
2.463486433029175
2.4494128227233887
2.381674289703369
2.4660356044769287
2.4591660499572754
2.4190893173217773
2.446484088897705
2.4263722896575928
2.427793502807617
2.4258768558502197
2.443005323410034
2.520259141921997
2.4674341678619385
2.4460866451263428
2.424335479736328
2.441319227218628
2.468757390975952
2.4308083057403564
2.441559076309204
2.4142205715179443
2.443957567214966
2.4309284687042236
2.458439350128174
2.4706740379333496
2.458629608154297
2.4574458599090576
2.4417688846588135
2.3696231842041016
2.447360038757324
2.4286108016967773
2.4919676780700684
2.4290614128112793
2.4169766902923584
2.4580109119415283
2.4685463905334473
2.4642860889434814
2.4520468711853027
2.4748966693878174
2.4290783405303955
2.4301681518554688
2.4575870037078857
2.4223926067352295
2.4124033451080322
2.4564011096954346
2.4590249061584473
2.445809841156006
2.4473040103912354
2.4656500816345215
2.4546191692352295
2.448984384536743
2.461878776550293
2.482327699661255
2.467927932739258
2.4689762592315674
2.4489634037017822
2.4243462085723877
2.435845136642456
2.4693636894226074
2.437730073928833
2.4558260440826416
2.4514272212982178
2.5075271129608154
2.4460835456848145
2.485778331756592
2.4379799365997314
2.4432523250579834
2.452601671218872
2.438241958618164
2.4380767345428467
2.4284605979919434
2.4426612854003906
2.4168903827667236
2.3935842514038086
2.4630517959594727
2.4212307929992676
2.468411684036255
2.447700023651123
2.4202721118927
2.429532289505005
2.436713457107544
2.438483715057373
2.4430720806121826
2.4583423137664795
2.4200687408447266
2.422961473464966
2.4264001846313477
2.413036346435547
2.4423673152923584
2.445909023284912
2.4366378784179688
2.4256982803344727
2.432955026626587
2.4504737854003906
2.4665486812591553
2.471108913421631
2.4278087615966797
2.410166025161743
2.418022632598877
2.4552104473114014
2.4444010257720947
2.4244792461395264
2.467644691467285
2.451608896255493
2.425694227218628
2.4675211906433105
2.419478416442871
2.4529218673706055
2.4244556427001953
2.3502039909362793
2.382110357284546
2.4422473907470703
2.430213212966919
2.413461446762085
2.4140963554382324
2.425884485244751
2.477019786834717
2.434466600418091
2.415635347366333
2.443227529525757
2.4250223636627197
2.3830947875976563
2.448188543319702
2.4314393997192383
2.414602279663086
2.4396374225616455
2.4444785118103027
2.4250118732452393
2.439530611038208
2.4016549587249756
2.4303228855133057
2.440298318862915
2.4614555835723877
2.3996150493621826
2.4184398651123047
2.431051015853882
2.4321093559265137
2.4104068279266357
2.431692123413086
2.421694278717041
2.429457664489746
2.4481372833251953
2.422584295272827
2.4732909202575684
2.447718858718872
2.44429612159729
2.4501283168792725
2.4203922748565674
2.410964012145996
2.5024259090423584
2.3818390369415283
2.4123401641845703
2.457493305206299
2.4544079303741455
2.4686126708984375
2.4662182331085205
2.473625898361206
2.4707651138305664
2.4260191917419434
2.40982723236084
2.4055306911468506
2.4483582973480225
2.4653303623199463
2.430860996246338
2.4363160133361816
2.4241693019866943
2.376028537750244
2.465395927429199
2.4221346378326416
2.456308126449585
2.445878267288208
2.442917823791504
2.4332799911499023
2.4199531078338623
2.4243173599243164
2.429152250289917
2.4907891750335693
2.4003591537475586
2.416318655014038
2.407118082046509
2.439708948135376
2.436518430709839
2.4575374126434326
2.4379045963287354
2.4082107543945313
2.4475009441375732
2.440232992172241
2.4110729694366455
2.4464707374572754
2.411508321762085
2.453976631164551
2.4099628925323486
2.43827486038208
2.4792861938476563
2.427821636199951
2.4385550022125244
2.4351649284362793
2.404635429382324
2.3926048278808594
2.4264559745788574
2.436981678009033
2.4167141914367676
2.457301616668701
2.432636260986328
2.46867299079895
2.436462640762329
2.414222002029419
2.4408657550811768
2.42818546295166
2.4112257957458496
2.423419237136841
2.403843641281128
2.4711265563964844
2.47170352935791
2.381188154220581
2.432647466659546
2.411252498626709
2.3825085163116455
2.41475772857666
2.4339516162872314
2.452913999557495
2.4431374073028564
2.4823858737945557
2.4622418880462646
2.4319703578948975
2.4179861545562744
2.40250825881958
2.4432027339935303
2.4217703342437744
2.456618070602417
2.4155259132385254
2.4246444702148438
2.4833405017852783
2.4246397018432617
2.42170786857605
2.4173569679260254
2.428920030593872
2.415457010269165
2.437016248703003
2.447080612182617
2.4503324031829834
2.4357123374938965
2.440983533859253
2.430418014526367
2.4159581661224365
2.446542501449585
2.4618799686431885
2.453331708908081
2.437835931777954
2.446627378463745
2.436098098754883
2.443819761276245
2.4287989139556885
2.41764235496521
2.425128936767578
2.3898448944091797
2.433749198913574
2.414785385131836
2.3678228855133057
2.409280300140381
2.476576805114746
2.434342861175537
2.4780406951904297
2.4390244483947754
2.4276556968688965
2.438900947570801
2.4788103103637695
2.415078639984131
2.448859930038452
2.4097559452056885
2.467268705368042
2.4818010330200195
2.4308366775512695
2.392768144607544
2.4354069232940674
2.397057294845581
2.436122417449951
2.428971290588379
2.4291162490844727
2.425820827484131
2.4023683071136475
2.435387372970581
2.4294631481170654
2.4425292015075684
2.481938123703003
2.439948797225952
2.448362112045288
2.469977855682373
2.387829065322876
2.4249491691589355
2.406367063522339
2.438674211502075
2.438650369644165
2.3813180923461914
2.4269208908081055
2.437124252319336
2.4750263690948486
2.4595983028411865
2.4187114238739014
2.445673704147339
2.4173800945281982
2.403181314468384
2.4229214191436768
2.4212749004364014
2.4293429851531982
2.443124294281006
2.457723379135132
2.4526305198669434
2.46142578125
2.396030902862549
2.4348537921905518
2.432584524154663
2.43874192237854
2.471148729324341
2.4767043590545654
2.4645140171051025
2.429680109024048
2.4386932849884033
2.4324393272399902
2.450934886932373
2.480139970779419
2.433399200439453
2.4354870319366455
2.479830503463745
2.4053168296813965
2.4447457790374756
2.401102066040039
2.4557714462280273
2.415727138519287
2.4310812950134277
2.4355411529541016
2.450681686401367
2.4540398120880127
2.4385452270507813
2.4365756511688232
2.49623966217041
2.447476387023926
2.4713211059570313
2.439760208129883
2.4474639892578125
2.3864104747772217
2.407388687133789
2.4201133251190186
2.4609644412994385
2.4485363960266113
2.464477777481079
2.4133548736572266
2.4715347290039063
2.3755016326904297
2.4598841667175293
2.448503017425537
2.452753782272339
2.4301397800445557
2.4523699283599854
2.4727325439453125
2.469792366027832
2.456552505493164
2.42885684967041
2.4720025062561035
2.4397318363189697
2.4481446743011475
2.4746248722076416
2.4083776473999023
2.4394447803497314
2.465087652206421
2.4279258251190186
2.478945255279541
2.460193395614624
2.437798261642456
2.4592063426971436
2.4146103858947754
2.4337875843048096
2.4151628017425537
2.434597969055176
2.4536969661712646
2.4501523971557617
2.4054882526397705
2.4346892833709717
2.4427857398986816
2.4272096157073975
2.4652769565582275
2.438851833343506
2.4551002979278564
2.440664768218994
2.4491703510284424
2.4869179725646973
2.437035083770752
2.437002182006836
2.485546112060547
2.4146013259887695
2.4918365478515625
2.435797691345215
2.425220012664795
2.454213857650757
2.4156389236450195
2.4173011779785156
2.427522897720337
2.467679262161255
2.485328435897827
2.4782207012176514
2.445344924926758
2.476109743118286
2.3886215686798096
2.4331867694854736
2.4659264087677
2.4011318683624268
2.4464519023895264
2.429699182510376
2.436866521835327
2.4447402954101563
2.421454668045044
2.4298155307769775
2.453657388687134
2.4667916297912598
2.4074289798736572
2.4243698120117188
2.4471161365509033
2.435112476348877
2.471195936203003
2.4750094413757324
2.4344372749328613
2.4346113204956055
2.474020481109619
2.5061728954315186
2.475249767303467
2.4396796226501465
2.4483776092529297
2.4326889514923096
2.4505205154418945
2.427631378173828
2.4420597553253174
2.4358034133911133
2.4664125442504883
2.500084638595581
2.476997137069702
2.4636335372924805
2.4381766319274902
2.4120090007781982
2.4172043800354004
2.426492929458618
2.422727108001709
2.389406442642212
2.434506893157959
2.4261744022369385
2.4455606937408447
2.421947956085205
2.4233462810516357
2.422257900238037
2.41963267326355
2.41776180267334
2.397830009460449
2.4403321743011475
2.3911590576171875
2.4031333923339844
2.4236667156219482
2.4012205600738525
2.4061062335968018
2.4594967365264893
2.3836636543273926
2.37052583694458
2.4417200088500977
2.361856698989868
2.4072697162628174
2.4162347316741943
2.455247640609741
2.4040307998657227
2.4511284828186035
2.399904489517212
2.4415745735168457
2.431659460067749
2.4383201599121094
2.4421658515930176
2.447929859161377
2.421426773071289
2.4068763256073
2.4152588844299316
2.421870231628418
2.4645252227783203
2.429006576538086
2.4152896404266357
2.4696922302246094
2.4589221477508545
2.4028449058532715
2.4294328689575195
2.413654088973999
2.4517292976379395
2.4661130905151367
2.4886207580566406
2.454141616821289
2.4410240650177
2.4389026165008545
2.3962743282318115
2.428934335708618
2.4371559619903564
2.511444091796875
2.45304012298584
2.391810655593872
2.4280903339385986
2.460019588470459
2.383791208267212
2.421877861022949
2.432128429412842
2.4512248039245605
2.4538512229919434
2.4207427501678467
2.4336864948272705
2.424227476119995
2.411687135696411
2.429513931274414
2.430615186691284
2.458796501159668
2.4401028156280518
2.3906426429748535
2.468339204788208
2.433458089828491
2.4258251190185547
2.4554765224456787
2.46946120262146
2.487478256225586
2.446510076522827
2.452550172805786
2.435610771179199
2.4902210235595703
2.437650680541992
2.3814141750335693
2.45092511177063
2.450397491455078
2.4551212787628174
2.4607725143432617
2.3721566200256348
2.4471373558044434
2.37004017829895
2.4237935543060303
2.3563928604125977
2.438119649887085
2.446592330932617
2.454383373260498
2.447267532348633
2.43935489654541
2.424532413482666
2.467841148376465
2.46685791015625
2.494720458984375
2.4004013538360596
2.4197089672088623
2.4319067001342773
2.4005126953125
2.440248966217041
2.4614574909210205
2.466411828994751
2.4005749225616455
2.4228904247283936
2.418027877807617
2.4546453952789307
2.408419370651245
2.393587827682495
2.4320225715637207
2.4284920692443848
2.4143118858337402
2.4422671794891357
2.4550247192382813
2.4604170322418213
2.431370735168457
2.4635682106018066
2.4528768062591553
2.477186918258667
2.3828976154327393
2.448688507080078
2.4439570903778076
2.420656204223633
2.419961929321289
2.4303743839263916
2.482069730758667
2.410271644592285
2.4493324756622314
2.467495918273926
2.5103023052215576
2.4617488384246826
2.5050177574157715
2.391366958618164
2.4363911151885986
2.443788766860962
2.4374263286590576
2.498101234436035
2.448457717895508
2.461137294769287
2.4124269485473633
2.4444000720977783
2.4167425632476807
2.3740274906158447
2.4655635356903076
2.4251468181610107
2.3988566398620605
2.479590892791748
2.4264838695526123
2.430018424987793
2.451897621154785
2.4794840812683105
2.428964853286743
2.485320568084717
2.4341044425964355
2.4910888671875
2.4309000968933105
2.4738168716430664
2.4205191135406494
2.4233498573303223
2.447162389755249
2.428088426589966
2.448387622833252
2.4545037746429443
2.412503957748413
2.4071903228759766
2.4563217163085938
2.44927978515625
2.44992733001709
2.4841878414154053
2.4986648559570313
2.4531397819519043
2.4404025077819824
2.456576108932495
2.421018600463867
2.432041645050049
2.3310182094573975
2.451932430267334
2.4405298233032227
2.447319507598877
2.457864999771118
2.4214348793029785
2.4252734184265137
2.4535393714904785
2.403102159500122
2.407804012298584
2.4451892375946045
2.458515167236328
2.4712717533111572
2.4098973274230957
2.4480154514312744
2.4278669357299805
2.4354898929595947
2.453336715698242
2.436652898788452
2.392686605453491
2.396857738494873
2.4885995388031006
2.428417205810547
2.4483883380889893
2.465482234954834
2.4245524406433105
2.4373064041137695
2.4278836250305176
2.4355344772338867
2.429934501647949
2.4454965591430664
2.4522197246551514
2.4808428287506104
2.4566750526428223
2.4741408824920654
2.431617498397827
2.4250690937042236
2.4419424533843994
