17.46459961
17.60443878
17.65084457
17.65540886
17.70770645
17.80328178
17.75372124
17.72774887
17.75525093
17.81499863
17.78953171
17.76423645
17.78636169
17.84537697
17.80543327
17.70792961
17.81098175
17.79460526
17.70153999
17.87248611
17.79071426
17.93503571
17.87625885
17.78928375
17.80572319
17.77490044
17.840065
17.81024551
17.79607964
17.87086105
17.75850677
17.74136543
17.78745842
17.81194878
17.80431557
17.89588928
17.96260643
17.90325546
17.90727997
17.85870171
17.84789085
17.83283043
17.91298103
18.00595856
18.00045967
17.89587212
17.97061348
17.90090942
17.96158218
17.88085747
17.81270027
17.84643555
17.78304291
17.77677536
17.79808044
17.70997238
17.72715187
17.73869133
17.68892479
17.75291252
17.70969582
17.76150131
17.70200729
17.6648407
17.6966629
17.7236805
17.72904396
17.72843361
17.71343613
17.68300056
17.8038044
17.67746544
17.76025581
17.78769875
17.7693367
17.78434181
17.74864769
17.7447834
17.76760101
17.78783607
17.78520012
17.76722908
17.70628738
17.75901413
17.82084846
17.7265873
17.71673965
17.79844475
17.80289459
17.81605911
17.74791718
17.77876663
17.81128693
17.73667526
17.7694664
17.78583717
17.75102806
17.83734131
17.86165047
17.89974213
17.85268211
17.78843307
17.81528091
17.75706291
17.83555603
17.7446785
17.82359314
17.77737617
17.75568199
17.7924881
17.74812126
17.79879189
17.77900314
17.68714714
17.7935791
17.80898857
17.70685577
17.77090073
17.82903671
17.71288109
17.75675774
17.76988602
17.69024467
17.76741409
17.77511597
17.79637337
17.70336342
17.76196671
17.71289635
17.78092003
17.719347
17.71802521
17.71030807
17.71595955
17.65877342
17.66215706
17.64465141
17.76215363
17.70810509
17.66376495
17.70920753
17.6733551
17.69130516
17.75197029
17.8144455
17.81279182
17.70360565
17.72311974
17.74682617
17.75115204
17.7340889
17.70002365
17.68519783
17.75979233
17.75301552
17.72163773
17.73622704
17.69497681
17.78494644
17.78209305
17.72138596
17.74666786
17.8547287
17.75914192
17.83321953
17.84875679
17.84248352
17.80840302
17.79130936
17.77236366
17.84078217
17.71000671
17.81786728
17.83200645
17.82223892
17.74685097
17.81739044
17.75605392
17.75439072
17.79107857
17.75686264
17.77064514
17.77607918
17.81192207
17.8034668
17.87155724
17.78983116
17.88399506
17.75468254
17.7618084
17.79786682
17.73516464
17.79605484
17.72885132
17.73460197
17.74662971
17.78992271
17.72166252
17.73392296
17.70620918
17.76018524
17.79620934
17.73764801
17.76996803
17.7668438
17.74218941
17.77693939
17.73261452
17.78571701
17.78184509
17.76083946
17.79039192
17.72710991
17.71527863
17.79382133
17.82261848
17.77402496
17.79229164
17.75356293
17.80288124
17.73839188
17.68453217
17.65106201
17.79068184
17.90070152
17.82381439
17.81949043
17.71112633
17.84871674
17.68292999
17.72436905
17.72032356
17.76025009
17.73143959
17.74071312
17.77638435
17.72355461
17.7053299
17.74887466
17.71100426
17.6367588
17.66614723
17.70822334
17.71168709
17.69896698
17.66334343
17.672966
17.64555168
17.7397995
17.72584152
17.68890381
17.7420826
17.73497009
17.7596035
17.71831322
17.69741631
17.72954559
17.83959961
17.76066017
17.65599823
17.71310616
17.73591042
17.71469879
17.64161491
17.74494171
17.64364815
17.67042923
17.72785187
17.75081062
17.6479187
17.68245125
17.77118111
17.74901962
17.70497704
17.68594933
17.82988358
17.72407341
17.82125854
17.80642319
17.77532578
17.76129913
17.77861214
17.657938
17.77999306
17.76978302
17.74342728
17.73261261
17.6882534
17.71395493
17.70339012
17.7551384
17.71450424
17.78474617
17.82317543
17.75340843
17.73073196
17.72824287
17.6504364
17.7749176
17.70417976
17.68749809
17.72233582
17.73683929
17.69184113
17.76938248
17.71192932
17.78770256
17.78096771
17.75919151
17.70050621
17.74123955
17.75329971
17.7455616
17.75687599
17.69577599
17.76745605
17.68299675
17.72366905
17.80771255
17.72556686
17.70915985
17.61919594
17.70557213
17.65416908
17.67699814
17.78503609
17.69157982
17.7680645
17.73172951
17.6932373
17.70725822
17.69559288
17.69565582
17.72011757
17.74805832
17.7518177
17.71775818
17.71087837
17.74456596
17.71681595
17.66895676
17.6635437
17.67639351
17.66555786
17.73694611
17.67825317
17.77567673
17.75436974
17.74113464
17.77378464
17.6813488
17.65465355
17.73556137
17.7351799
17.74067879
17.84665489
17.78806305
17.7431488
17.67643738
17.82285309
17.81402969
17.83429337
17.80492783
17.77701569
17.7566433
17.7342701
17.74753571
17.75029564
17.69723511
17.74577522
17.7750988
17.76057625
17.73125076
17.7784214
17.79452705
17.7493
17.75064087
17.67397499
17.65911293
17.74957657
17.72952843
17.68239594
17.60782623
17.67902184
17.69971275
17.70868492
17.75392723
17.64755249
17.72263336
17.77463913
17.65266037
17.69413185
17.67260742
17.68467903
17.69210815
17.80480766
17.74870682
17.77025604
17.79330826
17.80046844
17.74076653
17.92611504
17.84195328
17.86488724
17.79144096
17.83119774
17.75152016
17.61022186
17.78633118
17.88852882
17.80647469
17.86405373
17.81077194
17.75317001
17.83493614
17.85013199
17.82348442
17.86921692
17.76443672
17.81344604
17.75540733
17.8657856
17.90604401
17.92028236
17.78027153
17.8731041
17.82632446
17.82737541
17.78533745
17.80510902
17.76133919
17.93019485
17.89376068
17.8598423
17.9169426
17.84667015
17.81732941
17.76068687
17.79204369
17.76773262
17.76945686
17.7576046
17.71362114
17.80722237
17.77477264
17.73300552
17.76127434
17.77344704
17.79114914
17.75428772
17.79829788
17.76117516
17.72652435
17.7155056
17.69122887
17.74983788
17.70771408
17.74376869
17.68694115
17.69769096
17.71246719
17.70598221
17.66195679
17.61837387
17.58723259
17.67268753
17.64355469
17.68837738
17.65156174
17.64698601
17.74541092
17.62987328
17.70604515
17.70705032
17.72865486
17.65782928
17.70265007
17.68507004
17.73864746
17.69471359
17.76324654
17.64586067
17.68286514
17.63503838
17.64854431
17.61182022
17.65723038
17.68025398
17.74654198
17.71759605
17.76051712
17.73219299
17.78564072
17.66980171
17.77822685
17.71062279
17.70145035
17.72381401
17.69829369
17.71197319
17.69836235
17.7145443
17.769907
17.7311306
17.73055267
17.67910194
17.73189735
17.66824532
17.65615273
17.65481758
17.75229836
17.73531342
17.79295158
17.70607185
17.73449898
17.67254448
17.68768311
17.63737488
17.77612305
17.73156357
17.78322601
17.7354393
17.66941643
17.71294975
17.76004601
17.69643402
17.69874191
17.74247932
17.68018723
17.73233604
17.71555138
17.67704964
17.63937569
17.71754837
17.67708015
17.69402695
17.73167419
17.78404808
17.81652451
17.79965591
17.86342239
17.88651276
17.7876091
17.72436333
17.81552124
17.73233986
17.74111748
17.75516891
17.76424408
17.73952103
17.69852448
17.73996925
17.81980896
17.74992752
17.77046776
17.83005524
17.73657799
17.88705635
17.88672638
17.8010025
17.85359573
17.83450508
17.81819153
17.84579468
17.86725998
17.71591949
17.68629456
17.79242897
17.84907532
17.85725212
17.82165718
17.76829338
17.74801445
17.88060379
17.80929756
17.85530853
17.82115746
17.72743607
17.76898193
17.68219376
17.7335434
17.69208145
17.77608109
17.73651314
17.71703911
17.78579903
17.70211792
17.81054115
17.82795334
17.73060799
17.68515587
17.70565605
17.76162148
17.70556259
17.75761604
17.67423248
17.77321434
17.78931999
17.73426247
17.80785751
17.6647377
17.82522392
17.75700378
17.74391365
17.79695511
17.81090927
17.73226357
17.71284485
17.76469612
17.72709274
17.75733566
17.73327637
17.70587158
17.80640984
17.79791069
17.84120178
17.70163155
17.76343727
17.64989662
17.74432373
17.70797348
17.78235054
17.6821537
17.72432709
17.71734238
17.72443199
17.75947952
17.66169167
17.67680359
17.60665512
17.73628235
17.66314697
17.6934948
17.69239235
17.77588272
17.70425224
17.65901184
17.69928551
17.67551613
17.7049427
17.7636528
17.68792915
17.66231346
17.72283936
17.65530205
17.66342926
17.6395607
17.6487484
17.67746735
17.65760422
17.64276886
17.6149807
17.75413895
17.74287987
17.70575905
17.69314766
17.65154839
17.64484787
17.67291069
17.66708565
17.67553139
17.73241615
17.75522614
17.68549347
17.65433311
17.72725105
17.69467735
17.75426483
17.71922493
17.7024498
17.72287178
17.7616272
17.64466858
17.73062134
17.73838997
17.75463295
17.73581886
17.73760605
17.77392387
17.76263237
17.77326775
17.75361633
17.77200508
17.77351379
17.71509552
17.71384811
17.71017265
17.80223274
17.72157669
17.79272461
17.66441917
17.69893646
17.77442932
17.75411415
17.74861336
17.74886703
17.76412582
17.67035484
17.64089203
17.56889153
17.72357178
17.66758537
17.64992332
17.70142555
17.69979286
17.69330025
17.68189621
17.66832352
17.653965
17.70261192
17.76010132
17.56737518
17.7573185
17.73122597
17.68932724
17.68904305
17.62999535
17.73080063
17.60834694
17.6435833
17.68421936
17.75656509
17.77781677
17.76590919
17.79269791
17.71541023
17.68005371
17.69439697
17.6618557
17.64056396
17.67738914
17.62279701
17.63957214
17.68353271
17.73719215
17.74363708
17.66534233
17.66904831
17.73536491
17.70580292
17.75687218
17.81354332
17.73050308
17.77103233
17.70776749
17.79244423
17.67983818
17.76373482
17.6835041
17.68949318
17.7000885
17.69985008
17.69400787
17.70087624
17.69332123
17.74558449
17.6807766
17.67442513
17.74333954
17.82093048
17.74319458
17.80130577
17.68628502
17.73020935
17.76570511
17.71135521
17.78103638
17.63859558
17.7256546
17.71252632
17.65545845
17.68449402
17.76582909
17.77239037
17.69723892
17.69730568
17.68016243
17.72628784
17.66573143
17.66304398
17.66350937
17.71520424
17.76954842
17.80453491
17.78883553
17.77540398
17.8097496
17.67967606
17.73537636
17.77035141
17.78886795
17.72114563
17.79512596
17.69255447
17.68353844
17.65509796
17.67277527
17.60183144
17.67922974
17.7081356
17.68204308
17.68931961
17.70367432
17.61449432
17.63407707
17.7438736
17.73881912
17.66448784
17.70685577
17.75079727
17.76138306
17.73655128
17.73211098
17.76615906
17.70405579
17.82473373
17.80762672
17.81038475
17.73139
17.73743057
17.74142075
17.69379044
17.7371273
17.77039909
17.76854515
17.7879467
17.74689674
17.82639313
17.72140312
17.76854515
17.74849701
17.69979286
17.72504616
17.67453384
17.75629425
17.70837784
17.76259804
17.7661171
17.74540901
17.72496986
17.75890541
17.67928505
17.71769524
17.78463173
17.69320869
17.70746803
17.78714561
17.8067112
17.66750336
17.72649956
17.67013931
17.72281647
17.60653496
17.67493248
17.73255157
17.72625351
17.76447868
17.77305222
17.76844788
17.69750023
17.70411873
17.64826393
17.78076172
17.71652985
17.72722244
17.76060867
17.68649673
17.6750946
17.68475151
17.72737503
17.7191143
17.6380558
17.6955471
17.72599792
17.7030735
17.72409439
17.75727463
17.67069435
17.73708534
17.7868557
17.65913391
17.75301743
17.79502678
17.65277863
17.6746788
17.68823051
17.76946068
17.74211884
17.77216148
17.70410347
17.80971909
17.75338554
17.76827621
17.7101593
17.76107979
17.75475883
17.69453621
17.77150726
17.81195259
17.84500122
17.72436905
17.73044395
17.74710464
17.75503349
17.79062271
17.72784996
17.69696426
17.70401382
17.69662094
17.78009987
17.7112484
17.73490334
17.75769424
17.71831131
17.81537056
17.79252434
17.82279778
17.79319191
17.78724861
17.64390182
17.66867256
17.72366714
17.70119095
17.74628448
17.74661636
17.73971176
17.6709671
17.78002357
17.72001076
17.66793442
17.6828289
17.73632813
17.73996544
17.73201752
17.76289368
17.72678566
17.71369934
17.71525002
17.78851509
17.76069641
17.71089935
17.72751617
17.66583633
17.79094505
17.7483902
17.70883942
17.75626564
17.67949677
17.57952118
17.61746407
17.62270355
17.67743683
17.73983002
17.65332222
17.67164993
17.66104126
17.70265198
17.69993401
17.62436676
17.61013222
17.59218788
17.71942902
17.62833977
17.70642853
17.69561768
17.68333626
17.75994682
17.7055378
17.71672249
17.71287155
17.74374771
17.72189331
17.66470718
17.73735619
17.76892662
17.73965645
17.67459869
17.75074959
17.73270798
17.71816063
17.7341423
17.80994415
17.6750164
17.7603302
17.69190788
17.73368645
17.70592308
17.64609718
17.76368713
17.77874565
17.71200943
17.71091461
17.814785
17.86746407
17.83841515
17.69612694
17.82144547
17.8092041
17.83965492
17.78701973
17.87912941
17.83818626
17.7973671
17.89581299
17.86307144
17.71714211
17.79965782
17.81680107
17.79402351
17.69452477
17.79236603
17.86427116
17.82404709
17.80004501
17.75926399
17.79235077
17.7183094
17.81171799
17.79815865
17.79258537
17.79917526
17.79331207
17.75306511
17.79748535
17.78636169
17.86120415
17.81096649
17.76192474
17.76212502
17.70622063
17.73565483
17.67536163
17.72078323
17.6699276
17.727808
17.6928978
17.64644051
17.70592308
17.72844315
17.81919479
17.72601318
17.69297791
17.71645164
17.72496223
17.75324059
17.72608566
17.72195625
17.75790787
17.73285103
17.69742393
17.74830627
17.7269001
17.76529694
17.75119019
17.76676369
17.73740387
17.79635239
17.74242592
17.80538368
17.83639336
17.7872963
17.78181267
17.78773689
17.8149395
17.81904411
17.72102165
17.73305702
17.73228073
17.80011177
17.91506767
17.81375504
17.80688286
17.70484734
17.74076271
17.76018143
17.6693573
17.64735413
17.70077324
17.80653
17.64495087
17.71106911
17.70060921
17.73531151
17.80703545
17.72072601
17.75504303
17.76818085
17.7227993
17.73828888
17.73796272
17.72561836
17.69564629
17.72251701
17.74982643
17.78812027
17.75322914
17.70004463
17.76918221
17.71731758
17.71566772
17.72229385
17.73874092
17.71323204
17.71872902
17.71299553
17.64245033
17.66004372
17.83023643
17.75936127
17.79375648
17.75216675
17.72704887
17.73820877
17.69417
17.66996765
17.7358036
17.71222878
17.84308243
17.72576523
17.74344635
17.76806641
17.74345779
17.72327614
17.79633713
17.74308968
17.76848221
17.73080254
17.74213028
17.74184799
17.78313255
17.75041199
17.72403336
17.68073273
17.71912193
17.71226883
17.70417213
17.78939819
17.78817749
17.76284981
17.75577164
17.73218727
17.74294472
17.74658966
17.69883347
17.74819756
17.78437233
17.76302719
17.64749146
17.68887711
17.64109421
17.60346794
17.75724602
17.7203598
17.6641922
17.6835804
17.77373505
17.60656929
17.64456558
17.641119
17.71291351
17.68556595
17.63053703
17.7270813
17.73592186
17.70004082
17.70449448
17.71771812
17.69521904
17.73754501
17.62557793
17.6639843
17.64219666
17.64547729
17.68309021
17.67808914
17.63409233
17.73669815
17.66250038
17.69041824
17.63995934
17.75251198
17.66176796
17.71455193
17.6426506
17.73468018
17.62266731
17.71290016
17.69370842
17.73433876
17.74572754
17.74345207
17.73766327
17.76537132
17.66299248
17.73239708
17.64413071
17.74804115
17.72655869
17.74875641
17.68133926
17.65203476
17.63013268
17.64728165
17.60706902
17.6415329
17.60188484
17.6305294
17.61863136
17.60480499
17.59208679
17.65236664
17.63393211
17.73213005
17.6733036
17.71707535
17.68120575
17.73989105
17.76656151
17.67341042
17.72494888
17.63521576
17.69741249
17.58880806
17.68101311
17.71660423
17.68654251
17.68780899
17.70495033
17.70355606
17.68951607
17.71398926
17.72358894
17.72931671
17.76520538
17.72940636
17.76772118
17.76779366
17.64213562
17.71090698
17.6682148
17.68804932
17.6939373
17.67147446
17.73760033
17.69528008
17.68380547
17.77334595
17.68911934
17.65319252
17.72538376
