Frames	sa_pro	sa_A	sa_C	sa_buried
0	12196.4541	12161.62012	336.2944641	301.4604797
1	12783.41113	12782.0791	352.960968	351.6289368
2	12800.875	12811.66797	349.2433472	360.0363159
3	12851.89355	12864.87598	349.0691833	362.0516052
4	13008.50977	13005.75781	344.7490845	341.9971313
5	13087.7002	13107.21484	346.3832092	365.8978577
6	13229.30957	13245.62109	342.4999695	358.8114929
7	12994.97656	12989.20898	354.9349365	349.1673584
8	13040.05957	13045.34473	354.7610168	360.0461731
9	13128.1543	13138.00195	350.6485291	360.4961853
10	13182.92871	13201.77441	353.3105774	372.1562805
11	13097.00488	13122.85938	348.4584656	374.3129578
12	13206.52539	13206.05664	359.6131287	359.1443787
13	13164.81641	13161.72266	356.3797913	353.2860413
14	13127.47266	13093.875	340.0789185	306.4812622
15	12957.63965	12940.68457	352.0305481	335.07547
16	13225.60449	13217.95703	358.7683411	351.1208801
17	13125.7041	13134.31641	351.8916016	360.5039063
18	13122.8252	13103.04883	359.5899963	339.8136292
19	13314.7373	13317.30859	357.403717	359.9750061
20	13220.06543	13198.97754	356.1737366	335.0858459
21	13345.91016	13378.45996	367.2948914	399.844696
22	13170.8584	13193.21777	353.7406311	376.1000061
23	12965.55762	12982.14551	369.6365662	386.2244568
24	12971.43945	12976.55371	355.9462585	361.0605164
25	13125.59473	13119.59766	352.309845	346.3127747
26	13255.09473	13292.27344	354.6918945	391.8706055
27	13284.02246	13302.56934	328.7144165	347.2612915
28	13124.69629	13133.625	354.2613525	363.1900635
29	13400.10156	13383.69434	347.2520752	330.8448486
30	13297.33691	13243.60449	349.0531006	295.3206787
31	13257.45215	13201.49414	349.3277588	293.369751
32	13346.11133	13344.58789	352.1266174	350.6031799
33	13442.04297	13443.63867	355.6669922	357.2626953
34	13577.65527	13490.1543	346.7222595	259.221283
35	13607.99414	13485.70703	345.1452026	222.8580933
36	13572.30566	13542.18848	337.2756348	307.1584473
37	13528.13379	13544.99414	352.4724426	369.3327942
38	13295.89453	13303.99805	343.8045959	351.9081116
39	13375.86914	13379.41113	331.8266296	335.3686218
40	13304.32031	13271.75	336.7337952	304.1634827
41	13536.9248	13495.58301	341.5094604	300.1676636
42	13551.86816	13554.4541	338.6448364	341.2307739
43	13331.3252	13332.91113	333.6577759	335.2437134
44	13445.49805	13432.37109	345.2263489	332.0993958
45	13170.03027	13177.19629	346.7331238	353.8991394
46	13330.39551	13398.08691	338.2346802	405.9260864
47	13258.69336	13288.90039	350.2232971	380.4303284
48	13379.64551	13406.50195	346.5008545	373.3572998
49	13094.81152	13111.6416	345.6167297	362.4468079
50	13016.39453	13108.1416	335.5884705	427.3355408
51	13246.91113	13328.04004	342.7203369	423.8492432
52	13204.31738	13254.05176	343.8938293	393.6282043
53	13025.61328	13095.2168	343.9755554	413.579071
54	13231.12109	13290.98633	351.5816956	411.4469299
55	12994.34277	13052.04688	351.9192505	409.6233521
56	12854.4375	12941.97559	345.2160645	432.7541504
57	12853.90527	12909.375	347.916626	403.3863525
58	12824.41211	12894.63086	341.1531067	411.3718567
59	12754.86719	12867.8584	348.1136169	461.1048279
60	12674.42871	12745.86035	353.2735901	424.7052307
61	12982.64844	13051.24512	348.4710083	417.067688
62	12681.18262	12783.30469	337.0283203	439.1503906
63	12625.90039	12718.36816	332.210144	424.6779175
64	12851.08594	12918.96289	341.4559631	409.3329163
65	12926.98535	12999.1416	338.815033	410.971283
66	12691.06641	12787.31641	356.3237	452.5737
67	12729.95117	12827.86523	349.7379456	447.6520081
68	12695.53613	12787.52051	347.1055603	439.0899353
69	12605.79102	12676.59473	346.3746948	417.1784058
70	12850.36426	12908.92773	348.0409851	406.6044617
71	12840.1748	12902.25293	349.5760803	411.6542053
72	12890.06543	12923.6875	343.4197998	377.0418701
73	12978.4668	13037.37109	348.6094666	407.5137634
74	12931.93066	13016.89258	350.0511475	435.0130615
75	13014.97363	13048.10938	341.5147705	374.6505127
76	12710.86035	12802.3418	350.7258911	442.2073364
77	12879.50098	12962.08398	351.5122986	434.0953064
78	12990.50684	13058.4873	341.6250916	409.6055603
79	13027.32227	13130.55664	349.2483521	452.4827271
80	13070.88281	13188.1377	342.1244812	459.379364
81	13239.26074	13327.3877	350.3826599	438.509613
82	13012.97852	13100.34277	350.7857361	438.1499939
83	13169.56348	13256.32715	347.1707153	433.9343872
84	13061.88867	13133.00488	336.393219	407.5094299
85	13116.62891	13195.32715	341.2712708	419.9695129
86	12805.44727	12896.36816	348.8977661	439.8186646
87	13253.38281	13381.03809	346.9987183	474.6539917
88	13001.70898	13138.18555	347.6434326	484.1199951
89	13168.57227	13248.84375	338.7419128	419.0133972
90	12956.31641	13064.61621	345.1152954	453.4151001
91	13326.81738	13369.45605	350.2905884	392.9292603
92	13252.80957	13385.95313	335.672699	468.8162537
93	13229.80957	13261.59473	347.3571777	379.142334
94	13220.79102	13333.73145	347.3038635	460.2442932
95	13233.50781	13338.22559	339.1022644	443.8200378
96	13099.81836	13205.86719	334.1063843	440.1552124
97	13420.14648	13489.58496	338.8675842	408.3060608
98	13420.41992	13472.83398	345.7428894	398.1569519
99	13423.45996	13475.16309	352.6211853	404.3243103
100	13200.12012	13278.06055	345.7114868	423.6519165
101	13095.24707	13190.16309	342.2602234	437.176239
102	13077.57129	13175.05273	342.403717	439.8851624
103	13152.45801	13188.73535	342.1514282	378.428772
104	13334.49316	13381.03223	347.4182129	393.9572754
105	13155.59961	13218.88867	349.4175415	412.706604
106	13467.94336	13545.4375	344.2912292	421.7853699
107	13179.36523	13235.42578	335.9109192	391.9714661
108	13118.23438	13184.63086	339.4554138	405.8518982
109	13328.98535	13401.15918	351.6656494	423.8394775
110	13142.58789	13203.40039	339.7232971	400.5357971
111	13274.32031	13305.19434	346.2341919	377.1082153
112	13034.53906	13103.97461	347.0456848	416.4812317
113	13184.42676	13216.39355	352.0725403	384.0393372
114	13160.13281	13181.21191	338.7634888	359.8425903
115	13090.66406	13147.58984	350.2069397	407.1327209
116	13028.74902	13098.30176	341.5084534	411.0611877
117	13154.57422	13230.57715	348.7072449	424.7101746
118	13261.0293	13344.80469	347.8738708	431.6492615
119	13012.58203	13073.86523	356.3876038	417.6708069
120	13135.66504	13222.80957	351.8305359	438.9750671
121	12957.7334	13033.55957	351.5824585	427.4086304
122	12728.71191	12797.15039	351.4857178	419.9241943
123	13183.28125	13233.89648	354.9359436	405.551178
124	13174.95898	13223.65039	359.6802368	408.3716431
125	13097.57031	13167.18848	349.7952576	419.4134216
126	13201.8916	13264.37012	353.4317017	415.9102173
127	13347.99023	13453.05273	358.5266418	463.5891418
128	13361.43066	13439.8584	351.276825	429.7045593
129	13361.39941	13427.59766	355.3450928	421.543335
130	13230.69922	13343.26758	346.2819519	458.8503113
131	13129.59863	13260.53223	349.2832947	480.2168884
132	13049.2334	13160.1748	340.8427124	451.7841187
133	13199.74023	13311.41504	349.3330994	461.0079041
134	12993.58887	13121.61816	357.9513245	485.9806213
135	12891.31836	13043.34277	347.7120361	499.7364502
136	12792.89746	12905.31348	352.5317078	464.9477234
137	12940.68359	13083.57129	343.6940002	486.5816956
138	13091.72168	13192.60449	348.7377014	449.6205139
139	12808.91211	12881.89551	358.8161621	431.7995605
140	13113.55371	13232.67871	351.8684387	470.9934387
141	12928.46191	13056.40234	345.8433838	473.7838135
142	13109.55566	13219.9375	345.6676941	456.04953
143	12932.45898	13051.36426	333.9214172	452.8266907
144	13286.00098	13413.89258	341.7500305	469.6416321
145	13245.72461	13343.68945	344.8312988	442.7961426
146	13067.87305	13140.24902	353.0368652	425.4128418
147	13027.66504	13162.43457	346.561676	481.3312073
148	13066.93164	13186.9209	346.743927	466.7331848
149	13073.45703	13171.34277	352.6488037	450.5345459
150	12808.88574	12908.98535	345.3062744	445.4058838
151	12897.01855	12990.6084	349.2835693	442.8734131
152	12803.21582	12893.00781	344.7687073	434.5606995
153	12768.28418	12857.68555	349.5346375	438.9360046
154	12766.28223	12844.80469	346.9165039	425.4389648
155	12824.00781	12943.03516	344.6252136	463.6525574
156	13079.40137	13146.54688	341.6012268	408.7467346
157	12762.11914	12883.09277	344.6777039	465.6513367
158	12886.17773	12988.5166	344.9312744	447.2701416
159	13066.30469	13127.76953	348.4217529	409.8865967
160	12998.02051	13099.98535	343.6427612	445.607605
161	12903.64844	12992.20996	341.7090759	430.2705994
162	13103.92578	13189.6084	342.5464478	428.2290649
163	12911.57129	13016.39551	347.4519043	452.276123
164	13102.25293	13195.86035	347.708252	441.3156738
165	13193.60059	13291.47754	342.6980286	440.5749817
166	13041.97168	13080.34863	340.8502808	379.2272339
167	13256.3916	13363.42773	349.056366	456.0924988
168	13080.59668	13140.0498	342.936554	402.389679
169	12952.2334	13040.48535	338.6499329	426.901886
170	12809.04785	12857.97266	339.3792419	388.3040466
171	12476.54688	12576.13672	332.5556946	432.1455383
172	12802.18848	12914.84961	339.62854	452.2896729
173	13065.00488	13157.41016	335.5545349	427.9598083
174	12963.9541	13045.80176	330.3075867	412.1552429
175	12691.51172	12791.02246	346.3553162	445.8660583
176	13031.11426	13089.74805	350.6193542	409.2531433
177	12744.71289	12841.86035	341.9943237	439.1417847
178	12736.68262	12831.1709	357.7175598	452.2058411
179	13007.02441	13084.43555	352.6199341	430.0310669
180	12943.07129	13001.26465	345.0594788	403.2528381
181	12944.39844	13006.85156	346.7341003	409.1872253
182	12940.28906	13006.83594	335.8518372	402.3987122
183	12942.46777	13010.1416	347.437561	415.1113892
184	13037.9834	13152.875	344.7076416	459.5992432
185	12939.94824	13048.16797	332.1756897	440.3954163
186	12739.20703	12792.56836	341.4295959	394.7909241
187	13018.55859	13077.92285	337.2138062	396.578064
188	12819.8291	12873.31836	347.7919312	401.281189
189	12969.49121	12988.16895	349.8327332	368.5104675
190	12798.37402	12873.25098	348.7122498	423.5892029
191	12942.2373	13042.02246	337.1459656	436.9311218
192	13001.68457	13077.77734	343.7073364	419.8001099
193	13122.95313	13244.94238	349.6720886	471.6613464
194	12972.16211	13039.41016	337.1776428	404.4256897
195	13000.76563	13053.50195	344.389679	397.1260071
196	13031.47363	13134.88965	334.8131104	438.229126
197	12940.03418	13093.41895	355.5162659	508.9010315
198	12945.93848	13032.75977	345.5274658	432.3487549
199	12942.13281	13048.50195	350.7405396	457.1096802
200	13157.1543	13238.0166	335.4819031	416.3442078
201	13176.08594	13287.0498	340.8085632	451.7724304
202	12974.72461	13037.06934	347.1017761	409.4465027
203	12984.50879	13087.75586	345.5769653	448.8240356
204	13040.78418	13097.82715	342.3046875	399.3476563
205	13047.82324	13106.87305	339.6921997	398.7420044
206	13368.73828	13442.97656	327.5713806	401.8096619
207	12947.0791	13070.00586	335.3127441	458.239502
208	13245.52539	13307.45703	334.966156	396.8977966
209	13301.29395	13371.90625	334.7017822	405.3140869
210	13076.86621	13151.19336	336.4975281	410.8246765
211	13409.11426	13443.09277	333.7165222	367.6950378
212	13246.94629	13284.8877	354.9223328	392.863739
213	13221.70605	13282.375	341.0955505	401.7644958
214	13240.33984	13265.97754	351.7304993	377.3681946
215	13210.37598	13241.64844	350.2536621	381.526123
216	13255.04883	13276.93555	346.7833252	368.6700439
217	13311.40039	13408.7041	343.1549377	440.4586487
218	13309.54395	13388.27539	350.1056824	428.8371277
219	13237.1709	13326.40625	344.2987366	433.5340881
220	13110.39355	13237.31641	346.8237915	473.7466431
221	13170.59863	13300.75488	354.2218628	484.3781128
222	12841.31934	12972.14941	346.6566772	477.4867554
223	13300.82422	13429.9209	341.7339478	470.8306274
224	13414.34375	13515.62598	342.306427	443.5886536
225	13214.91992	13329.3291	349.8684082	464.2775879
226	13198.96387	13302.03906	337.3615723	440.4367676
227	12909.3125	13011.69727	339.0218506	441.4066162
228	13175.80371	13283.23535	346.5491333	453.9807739
229	12855.15723	12957.65332	345.5344543	448.0305481
230	12959.29297	13088.67676	337.349762	466.733551
231	13131.08887	13220.97461	345.3022766	435.1880188
232	13270.91895	13408.44922	343.0913696	480.6216431
233	13077.94238	13180.20996	344.004425	446.2720032
234	13166.21387	13293.56152	340.6049805	467.9526367
235	13143.66016	13244.68652	346.3251648	447.351532
236	12981.90234	13090.68262	353.6194458	462.3997192
237	13084.92383	13172.58008	347.0301514	434.6864014
238	13267.86914	13358.74512	348.2691956	439.1451721
239	13140.35059	13260.05859	340.2734985	459.9815063
240	12835.27832	12965.00391	346.4636841	476.18927
241	13010.2959	13124.5293	345.1057739	459.3391724
242	12999.85645	13126.32227	346.1082764	472.5740967
243	12920.94531	13029.07227	348.8115845	456.9385376
244	13036.8584	13152.03223	350.9445801	466.1184082
245	13008.27637	13122.37598	351.5756531	465.6752625
246	12847.2832	12971.70703	351.3258667	475.7496948
247	12977.21289	13105.18848	346.34552	474.321106
248	13064.64355	13186.89258	346.9866638	469.2356873
249	13143.34863	13274.10645	355.2684021	486.0262146
250	13088.95215	13185.00586	350.2024231	446.256134
251	13231.10742	13336.66211	341.0188599	446.5735474
252	13330.86133	13454.8125	350.0772095	474.0283813
253	13240.54199	13339.19141	351.6251831	450.2745972
254	13104.27734	13203.30566	345.5526123	444.5809326
255	13069.5166	13194.02051	348.0211487	472.5250549
256	13088.18359	13218.27441	353.9338684	484.0246887
257	13368.84863	13495.94922	347.5172424	474.6178284
258	13135.49316	13257.45508	347.8349304	469.7968445
259	13065.01758	13177.37598	345.6858215	458.04422
260	13124.42188	13260.66406	345.5887756	481.8309631
261	13186.01855	13294.77539	346.6780396	455.4348755
262	13105.75195	13237.4873	352.0081787	483.7435303
263	12799.29199	12905.90039	347.4010925	454.009491
264	12987.57324	13090.63867	339.8839111	442.9493408
265	12842.01172	12949.50098	342.5987549	450.0880127
266	12990.47168	13100.40234	347.5023804	457.4330444
267	13164.80859	13258.53125	342.8126526	436.5353088
268	12876.24805	12978.39063	346.5083923	448.6509705
269	12998.73438	13067.40723	342.8322449	411.5050964
270	13017.72363	13101.67188	345.0140686	428.9623108
271	13216.94824	13326.2793	347.4043579	456.7354126
272	13297.37109	13419.77637	343.1991882	465.6044617
273	12992.83301	13100.57129	347.4071045	455.1453857
274	12766.94043	12881.95117	348.8967896	463.9075317
275	13067.41309	13174.99023	348.4581604	456.0353088
276	12966.07129	13047.35645	345.181366	426.4665222
277	13083.19531	13198.56738	344.1833496	459.5554199
278	13104.8418	13231.86523	348.0661621	475.0895996
279	13127.7998	13228.82227	346.1578064	447.1802673
280	13129.0127	13225.25684	346.4847717	442.7289124
281	12990.87988	13098.37891	346.4367676	453.935791
282	12967.56738	13075.33789	347.5693054	455.3398132
283	13094.74316	13192.72949	344.6953125	442.6816406
284	13026.54688	13130.64258	344.8134766	448.9091797
285	13085.40723	13152.5957	345.2886963	412.4771729
286	12866.27539	12948.27148	349.4481506	431.4442444
287	12799.3916	12888.60254	348.1299438	437.3408813
288	12915.83691	13021.39746	346.7516785	452.3122253
289	12971.54395	13090.30469	349.51297	468.2737122
290	13000.68555	13154.94727	347.8931885	502.1549072
291	13096.56445	13250.05273	337.3266602	490.8149414
292	13117.12012	13251.35352	344.0386047	478.2720032
293	13176.38086	13311.79492	347.5712585	482.985321
294	13062.28027	13149.64941	343.5917053	430.9608459
295	12929.33301	13058.10059	347.3840637	476.1516418
296	12925.32129	13072.84375	346.1507568	493.6732178
297	13065.44922	13155.10352	344.6852722	434.3395691
298	12990.33691	13081.00098	346.5705261	437.2345886
299	12973.44922	13071.78711	343.3391113	441.677002
300	12943.12109	13044.39258	350.7907715	452.0622559
301	13105.05762	13209.16309	343.5469971	447.6524658
302	13068.12012	13171.11523	345.6920776	448.6871948
303	12982.52148	13037.84375	342.5562744	397.87854
304	13060.36133	13146.81055	341.6977539	428.1469727
305	12834.10059	12918.46484	343.3559875	427.7202454
306	13048.49219	13126.36621	347.1004944	424.9745178
307	13373.48828	13467.31836	346.0547485	439.8848267
308	13073.64551	13176.6748	342.3552246	445.3845215
309	12962.12012	13067.20996	344.532959	449.6228027
310	12967.84863	13048.09277	345.5342407	425.7783813
311	13057.01758	13142.69043	347.6170349	433.2898865
312	12926.68066	13021.57715	342.1682434	437.0647278
313	13043.68555	13126.39746	353.2193604	435.9312744
314	12915.96875	13035.05762	350.5140686	469.6029358
315	13131.66309	13249.81055	351.8702087	470.0176697
316	13129.5957	13224.69727	345.7996521	440.9012146
317	13123.47852	13281.27051	343.1248169	500.9168091
318	13282.0166	13375.19922	342.7608337	435.9434509
319	12984.21191	13111.71191	347.5147095	475.0147095
320	12886.70898	13015.45508	345.2610168	474.0071106
321	12804.36719	12933.89453	350.2888794	479.8162231
322	12950.28613	13065.5625	340.4883728	455.76474
323	12786.03613	12899.97461	348.0319519	461.9704285
324	12894.95996	13013.51074	340.268219	458.8190002
325	12917.54785	13027.85352	338.5201721	448.8258362
326	12794.34277	12923.28906	346.5448608	475.4911499
327	13106.37012	13233.83496	347.9917603	475.456604
328	13123.59961	13243.67188	338.8936768	458.9659424
329	13020.18359	13120.89648	348.9816895	449.6945801
330	12990.8623	13104.02539	353.6958923	466.8589783
331	12961.14063	13085.58984	348.5308533	472.980072
332	12911.42578	13050.43457	341.4961548	480.5049438
333	13248.52344	13352.79785	341.101593	445.3760071
334	13085.07227	13177.29883	335.882782	428.1093445
335	13144.29883	13252.25195	352.1127625	460.0658875
336	12895.90527	12959.61621	347.4981079	411.2090454
337	12923.30762	12992.55566	342.2252502	411.4732971
338	13025.68164	13101.44336	343.4170837	419.1788025
339	12875.7334	12991.5166	341.545166	457.3283691
340	12935.95215	13032.28809	341.4471741	437.7831116
341	12822.10059	12902.54102	346.6036377	427.0440674
342	12869.8252	12939.60742	354.3970642	424.1792908
343	12884.69336	12959.42188	338.7916565	413.5201721
344	12719.11426	12826.65039	344.5845032	452.120636
345	12595.82129	12644.19922	344.0589905	392.4369202
346	12884.6543	12949.86328	342.3343811	407.5433655
347	13065.76563	13151.57324	350.8156433	436.6232605
348	12921.19238	13016.56934	343.7382507	439.1152039
349	13178.17188	13283.97754	347.7122803	453.5179443
350	12847.36328	12926.60547	345.1525269	424.3947144
351	12814.22363	12859.01758	346.3626404	391.1565857
352	12897.81055	13027.88281	336.1180115	466.1902771
353	12927.12988	13023.57422	342.0840149	438.5283508
354	12872.22949	12952.76855	345.5865173	426.1255798
355	12992.26953	13041.48633	346.5008545	395.7176514
356	12914.95508	12989.73145	347.1892395	421.9656067
357	13077.08789	13155.69336	341.5846558	420.1901245
358	12646.94043	12723.96094	342.2994385	419.3199463
359	13059.93945	13153.88184	340.4408569	434.3832397
360	13083.63965	13174.50684	341.5532227	432.4204102
361	13011.13965	13106.48145	346.0210876	441.3628845
362	12865.87012	12939.5332	339.7876587	413.4507446
363	12783.87305	12894.87598	348.5152588	459.5181885
364	12999.61426	13106.88281	343.8795166	451.1480713
365	12823.38086	12928.65625	353.7634583	459.0388489
366	12940.65332	12996.08594	348.2792358	403.711853
367	12933.75488	13050.13574	336.1635437	452.5444031
368	12870.6416	12960.98535	336.3004761	426.6442261
369	12924.54883	12990.33984	344.8224792	410.6134949
370	12990.6875	13013.63965	345.7119446	368.664093
371	13055.47266	13099.45801	332.820343	376.8056946
372	12944.80664	13013.28711	348.5831299	417.0635986
373	13349.09766	13418.16699	338.5938721	407.663208
374	13163.25098	13246.42969	341.9877625	425.1664734
375	12980.90234	13042.77246	347.0869446	408.9570618
376	12953.96094	13002.09863	356.7145386	404.8522339
377	13059.16504	13162.21582	351.4924622	454.5432434
378	12898.82129	12973.92773	344.6203918	419.7268372
379	12874.45703	12974.86426	337.077301	437.4845276
380	12970.52637	13063.4541	350.8782349	443.8059692
381	12697.33789	12819.58691	336.534729	458.7837524
382	12649.36719	12788.64258	347.9535217	487.2289124
383	12867.77832	12971.95313	344.4638062	448.6386108
384	13002.0498	13115.73145	338.9230652	452.6047058
385	12917.87793	13029.6416	347.5991821	459.362854
386	13138.89746	13246.20801	349.2136841	456.524231
387	12904.35645	13042.15918	352.7551575	490.5578918
388	13054.18457	13197.16309	355.7695313	498.7480469
389	13139.4834	13259.35449	353.0230408	472.8941345
390	12729.06055	12837.0791	349.723877	457.7424316
391	12865.14844	12961.12695	352.1157837	448.0942993
392	12728.4834	12838.91699	341.5029602	451.936554
393	12747.18457	12818.27344	345.9954529	417.0843201
394	12751.68262	12852.13965	358.9284973	459.3855286
395	13045.3916	13112.85352	338.4945984	405.9565125
396	12819.28125	12904.5791	346.4460449	431.7438965
397	13006.51367	13094.77246	341.6120605	429.8708496
398	13165.1084	13284.15723	351.956665	471.0054932
399	13375.10352	13507.9502	342.4316101	475.2782898
400	13229.05371	13318.79102	345.0167542	434.7540588
401	13460.38184	13477.48633	354.3515625	371.4560547
402	13278.66113	13371.83008	344.7918396	437.9607849
403	13373.31348	13481.58398	338.5639343	446.8344421
404	13466.77734	13538.67285	361.0861816	432.9816895
405	13193.91309	13255.62012	353.4648743	415.1719055
406	12924.49023	13008.05469	346.6312866	430.1957397
407	12855.05273	12891.38379	347.4699402	383.8009949
408	13146.9043	13225.59863	339.1731567	417.8674927
409	13306.27246	13348.69629	356.142334	398.5661621
410	13260.3623	13336.33301	341.6487427	417.6194458
411	13385.83789	13469.40234	352.4492798	436.0137329
412	13127.20996	13202.88281	349.9888	425.6616516
413	13051.9707	13140.6377	341.2687378	429.93573
414	13393.44824	13447.82324	344.2869263	398.6619263
415	13346.76367	13459.07813	346.1540222	458.4684753
416	13258.82617	13346.69141	349.7037659	437.5690002
417	13312.29492	13396.46387	343.9356079	428.1045532
418	13124.45215	13281.0918	352.4598389	509.0994873
419	13177.80371	13297.80566	342.9712524	462.9732056
420	13095.99316	13240.43164	347.7981567	492.2366333
421	13111.50391	13246.24219	347.0909119	481.8291931
422	13217.73633	13312.06641	343.6359253	437.9660034
423	13373.66211	13468.61816	351.5334167	446.4894714
424	13083.94141	13193.75879	343.5626221	453.3800049
425	13410.39258	13485.87305	354.8056641	430.2861328
426	13281.04102	13372.23535	334.2337952	425.4281311
427	13033.81641	13101.15039	341.6602783	408.9942627
428	13004.01172	13077.55371	345.7091675	419.2511597
429	13197.7041	13259.71777	343.4338989	405.4475708
430	13227.45117	13254.24805	346.6192627	373.4161377
431	13276.20898	13333.50781	347.853241	405.1520691
432	13289.75684	13321.11816	351.8867798	383.2481079
433	13110.33887	13197.19043	359.7184143	446.5699768
434	13430.74316	13485.61719	347.5725098	402.4465332
435	13087.78613	13137.44238	346.6109619	396.2672119
436	13434.40918	13399.17871	346.8864136	311.6559448
437	13090.58398	13109.49609	337.6765442	356.5886536
438	13151.11523	13269.47754	356.6388855	475.0011902
439	13199.98633	13326.37891	349.6729126	476.0654907
440	13045.69922	13155.38281	344.9308167	454.6144104
441	13087.11523	13211.11914	346.6096802	470.6135864
442	12943.52441	13042.93164	360.3607483	459.7679749
443	13027.9541	13095.27344	348.9779358	416.2972717
444	13058.02344	13116.79883	338.0585327	396.8339233
445	12897.33496	13020.26465	353.3887329	476.3184204
446	12916.33496	13043.39258	343.9526672	471.0102844
447	12843.87012	12983.85449	344.6327515	484.6171265
448	13065.53223	13178.61719	339.8112793	452.8962402
449	12949.28906	13062.75879	353.4259338	466.8956604
450	12895.93262	13012.0791	345.2401733	461.3866577
451	13084.375	13186.02246	339.4299927	441.0774536
452	12847.88965	12943.50293	344.6749268	440.288208
453	12834.83203	12976.52148	342.8231812	484.5126343
454	12805.18359	12939.16211	350.3225708	484.3010864
455	13003.94727	13144.24414	349.4743347	489.7712097
456	12749.64844	12841.08594	339.4111023	430.8486023
457	12947.79883	13085.71289	345.4169006	483.3309631
458	12889.56348	13037.49512	348.7738342	496.7054749
459	12957.47949	13038.33594	356.5939331	437.4503784
460	12892.86133	13032.77637	346.6436462	486.5586853
461	12729.50098	12868.14258	354.5041199	493.1457214
462	12613.72363	12743.97754	348.0206909	478.2745972
463	12546.13379	12681.35645	344.582489	479.8051453
464	12500.91602	12621.48926	341.124176	461.6974182
465	12644.41895	12738.96191	335.4522705	429.9952393
466	12563.95996	12676.12988	344.4329224	456.6028442
467	12669.77734	12809.12012	349.1368103	488.4795837
468	12719.44727	12855.35156	357.7522583	493.6565552
469	12706.70703	12781.39844	333.954834	408.6462402
470	12975.41113	13079.18848	347.3963623	451.1737061
471	12642.59766	12782.84863	347.0100708	487.2610474
472	13001.17969	13150.15527	350.739502	499.7150879
473	12990.10059	13059.70215	338.7733154	408.3748779
474	13003.24609	13128.01172	348.6992188	473.4648438
475	12935.17188	13070.98242	354.8069763	490.6175232
476	12855.74805	13013.79492	348.5918884	506.6387634
477	12845.87891	12991.72656	336.9529419	482.8005981
478	12896.20313	12971.95605	345.6707458	421.4236755
479	12719.19043	12805.01465	339.7328491	425.5570679
480	12919.9375	12980.12109	344.2671204	404.4507141
481	12716.05176	12844.43262	357.6557922	486.0366516
482	12790.36914	12922.40723	345.7021179	477.7402039
483	12923.73633	13013.06543	339.1895447	428.5186462
484	12708.36426	12857.17188	347.1512756	495.9588928
485	12667.62598	12831.61719	362.8403931	526.831604
486	12874.81543	12906.98926	342.3343811	374.5082092
487	12959.73047	13048.27539	346.4996033	435.0445251
488	12891.67871	12938.52051	343.7618713	390.6036682
489	12942.2168	12969.9082	342.9466248	370.638031
490	12844.06445	12876.77148	345.3226624	378.0296936
491	13117.57715	13182.62598	346.7044373	411.7532654
492	12995.41113	13030.66309	345.3381958	380.5901489
493	13044.11426	13072.81836	352.8142395	381.5183411
494	12996.0332	13050.89453	344.2698059	399.131134
495	12985.58594	13024.83887	346.963562	386.2164917
496	13047.95313	13148.5293	344.414093	444.9902649
497	12919.71484	12980.00977	352.4068298	412.7017517
498	12855.11719	12993.95215	357.8943176	496.7292786
499	12924.79102	13020.05078	346.2326965	441.4924622
500	12904.15723	13030.86426	349.4165344	476.1235657
501	12980.64453	13122.78613	345.109314	487.2509155
502	12999.10449	13144.05859	350.6847534	495.638855
503	13143.07031	13286.1709	342.4192505	485.5198364
504	13045.05664	13173.78809	334.1911316	462.9225769
505	12902.05273	13052.44238	342.5241089	492.9137573
506	12882.81738	13027.34277	342.1267395	486.6521301
507	12954.34473	13085.51074	334.9259644	466.09198
508	12800.63379	12957.18652	341.2103882	497.7631226
509	12682.82813	12828.55176	330.1459961	475.8696289
510	12813.70605	12958.16309	334.1026611	478.5596924
511	12804.5166	12963.35449	349.4517212	508.2896118
512	13061.3125	13200.32617	358.6387634	497.6524353
513	12593.12305	12724.52148	345.0959473	476.4943848
514	12788.9541	12933.09277	342.1300354	486.2687073
515	12651.40625	12791.97754	346.4654236	487.0367126
516	12753.7666	12842.23242	347.4556885	435.9215088
517	12563.95215	12712.66016	337.9492188	486.6572266
518	13005.28613	13157.01563	337.4462585	489.1757507
519	12711.00195	12866.51563	347.9917297	503.5054016
520	12714.19043	12788.82031	339.3435059	413.9733887
521	12908.1084	13025.33887	344.7978516	462.0283203
522	12764.07813	12932.48242	344.6636658	513.0679626
523	12887.8584	13011.11523	345.1914978	468.4483337
524	12785.75879	12939.81836	345.5513916	499.6109619
525	12916.74609	13043.35547	349.4803162	476.0896912
526	12778.22168	12923.10059	348.9017944	493.7807007
527	12957.13477	13115.75098	349.3795166	507.9957275
528	12765.8584	12898.2627	344.2092896	476.6135864
529	12856.10938	12978.9541	332.1118164	454.956543
530	12912.99023	13031.03418	330.822052	448.8659973
531	12655.93262	12756.23242	340.9432983	441.243103
532	12580.15234	12714.91895	338.2756653	473.0422668
533	12879.31543	13041.52246	351.2022095	513.4092407
534	12820.89258	12953.94238	357.7980347	490.8478394
535	12942.03711	13092.07617	349.75177	499.7908325
536	12892.92578	13004.875	339.1462708	451.0954895
537	13003.83594	13130.32813	346.5212097	473.0133972
538	13383.21777	13472.72852	345.167572	434.6783142
539	13095.70313	13217.8252	347.4953613	469.6174316
540	13270.77148	13421.58691	347.1140747	497.9295044
541	13306.69629	13460.04102	346.2608032	499.6055298
542	13064.00977	13198.6543	344.957428	479.6019592
543	12892.75195	13033.27051	343.8707275	484.3892822
544	12996.47559	13132.77051	344.8782959	481.1732178
545	12782.03027	12932.82324	358.3456726	509.1386414
546	13038.59961	13172.83789	339.0422668	473.2805481
547	12971.58594	13094.58496	350.821167	473.8201904
548	13049.83105	13156.82031	344.949707	451.9389648
549	13120.18457	13245.67969	344.916748	470.4118652
550	12876.8418	12994.49609	347.0518188	464.7061157
551	12767.31055	12890.35352	352.7951355	475.8381042
552	13107.40527	13233.83984	338.8049316	465.239502
553	12841.80957	12973.37891	349.1290283	480.6983643
554	13191.15625	13296.4209	349.9307251	455.1953735
555	13292.74414	13416.59473	342.260437	466.1110229
556	12939.12598	13043.98633	349.6882019	454.5485535
557	13319.77148	13417.81836	344.8411255	442.8880005
558	13340.44336	13402.7998	354.4611206	416.8175659
559	13147.64551	13242.30371	349.5379028	444.196106
560	13248.56152	13334.91699	348.9844971	435.3399658
561	13157.46191	13213.8418	343.1436157	399.5234985
562	13221.22461	13295.56836	344.8308105	419.1745605
563	13301.76172	13362.49414	345.4000854	406.1325073
564	13410.6582	13471.81445	344.5699158	405.7261658
565	12997.73047	13106.83984	341.8017578	450.9111328
566	13139.42773	13254.19336	346.4194031	461.1850281
567	13227.51563	13333.16699	353.3356628	458.98703
568	13282.26172	13386.9209	338.3452759	443.0044556
569	13352.98242	13411.65332	347.757019	406.4279175
570	13259.99609	13350.77832	344.9526978	435.7349243
571	13257.37012	13269.2627	348.2928467	360.1854248
572	13085.43945	13144.10547	352.3771362	411.0431519
573	13109.87891	13191.10645	343.2938843	424.5214233
574	13051.93652	13129.17285	348.7112732	425.9476013
575	13152.02051	13158.17285	343.1752625	349.3276062
576	13077.13965	13134.47266	348.5927124	405.9257202
577	13013.48438	13074.01855	343.492981	404.0271606
578	12783.78809	12827.11621	341.9025574	385.2306824
579	12839.5293	12926.89648	348.8148193	436.1820068
580	12882.03711	12980.98926	341.5166016	440.46875
581	12523.16602	12636.60742	348.1146545	461.5560608
582	12934.94434	13041.9502	343.0260315	450.0318909
583	12969.32813	13047.00293	336.8898621	414.5646667
584	12919.36133	12973.04883	354.1002197	407.7877197
585	13034.3623	13102.5127	343.9126892	412.0630798
586	12724.90625	12797.34961	357.8829651	430.3263245
587	12843.80566	12906.02441	361.892395	424.111145
588	13000.89941	13108.79492	347.7467041	455.6422119
589	12858.05176	12948.63281	343.2994385	433.8804932
590	12777.46777	12918.06348	347.0457458	487.641449
591	12838.60156	12916.23633	346.6431274	424.2778931
592	12786.31152	12889.30078	337.7946167	440.7838745
593	12794.32813	12885.09473	338.8474426	429.6140442
594	12838.32813	12942.86914	338.1449585	442.6859741
595	12609.75098	12729.25	347.8906555	467.389679
596	12855.28516	12973.42871	341.0302124	459.1737671
597	13066.58203	13150.79395	346.7029419	430.914856
598	12736	12816.18164	339.6413879	419.8230286
599	12903.2793	13014.75098	355.4830322	466.9547119
600	12699.34473	12818.90625	338.4711609	458.0326843
601	13076.20605	13167.83008	344.1617737	435.7857971
602	12698.22754	12813.55957	343.4542542	458.7862854
603	12929.41602	13028.66211	349.1689453	448.4150391
604	12713.9873	12775.37695	340.2201843	401.6098328
605	13081.42871	13152.08398	338.0233459	408.6786194
606	12841.23828	12915.37207	335.2386475	409.3724365
607	12506.08398	12585.03027	340.6321106	419.5783997
608	12724.28027	12817.68457	346.4516296	439.8559265
609	12721.59668	12811.62598	335.2810974	425.3103943
610	12793.61035	12881.18164	341.3270874	428.8983765
611	12807.43164	12877.11816	342.2054138	411.8919373
612	12506.26074	12587.87402	343.8612061	425.4744873
613	12742.04492	12815.28809	343.2657776	416.5089417
614	12835.27148	12916.80566	345.6875916	427.2217712
615	12873.9209	12961.46191	338.9165649	426.4575806
616	12627.53027	12710.13672	342.1929016	424.7993469
617	12611.86914	12725.04883	336.4306641	449.6103516
618	12601.32129	12689.90332	331.6971741	420.2792053
619	12684.52051	12789.13184	348.4533997	453.0647278
620	12681.07422	12797.21094	341.0238953	457.160614
621	12951.02148	13078.63867	341.6517944	469.2689819
622	12652.94531	12772.80664	334.835022	454.6963501
623	12851.28711	12964.33496	342.4411316	455.4889832
624	12679.55176	12774.21582	335.2132263	429.8772888
625	12694.69922	12795.77441	335.7012939	436.7764893
626	12856.88672	12982.54492	340.8600464	466.5182495
627	12748.93164	12844.55273	346.1896973	441.810791
628	12536.70605	12619.36523	360.6877747	443.3469543
629	12393.77539	12480.93652	347.3500977	434.5112305
630	12592.1709	12680.67969	342.1841125	430.6929016
631	12359.01172	12440.38672	341.5574951	422.9324951
632	12455.50488	12547.24805	342.7053223	434.4484863
633	12611.68652	12717.36621	332.3621826	438.0418701
634	12726.64355	12808.12793	340.092041	421.576416
635	12482.64063	12571.68555	334.1770325	423.2219543
636	12229.90332	12314.50781	339.6448975	424.2493896
637	12325.80078	12435.32031	332.4446411	441.9641724
638	12424.35352	12521.90625	340.8547974	438.4075317
639	12570.27148	12670.87207	341.1079102	441.7084961
640	12523.20801	12601.4541	340.0874939	418.3335876
641	12334.24609	12440.36035	339.2661438	445.3804016
642	12131.36035	12211.15527	337.2211304	417.0160522
643	12426.77832	12508.45703	343.721405	425.400116
644	12127.20801	12225.33008	341.3230591	439.4451294
645	12301.51953	12399.89746	341.8651428	440.2430725
646	12342.14258	12426.38867	338.8170471	423.0631409
647	12208.42383	12308.07129	338.399292	438.0467529
648	12471.5791	12572.53223	341.9764404	442.9295654
649	12399.10645	12481.58008	343.6030579	426.0766907
650	12408.07324	12469.24316	342.5675659	403.7374878
651	12468.45313	12562.39453	342.7711487	436.7125549
652	12651.03418	12738.63379	339.5074463	427.1070557
653	12666.59668	12770.54492	339.9640503	443.9122925
654	12394.60547	12472.03027	336.1290894	413.553894
655	12422.94043	12485.55566	333.4607544	396.0759888
656	12582.07813	12685.47461	340.3928223	443.7893066
657	12551.1582	12643.69922	334.0440674	426.585083
658	12655.9082	12749.99609	343.4414978	437.5293884
659	12608.66309	12709.18066	351.4080505	451.9256287
660	12483.07129	12577.29199	338.653656	432.8743591
661	12816.24414	12959.60547	345.9457397	489.3070679
662	12891.02344	13009.3623	339.4863281	457.8251953
663	12761.24902	12895.60547	343.0041199	477.3605652
664	12711.25195	12868.94922	344.3236389	502.0209045
665	12743.05078	12877.41211	336.9378357	471.2991638
666	12673.2832	12814.49219	343.6502686	484.8592529
667	12827.77344	12964.06738	339.8858948	476.1798401
668	12821.04102	12912.52734	337.2866516	428.7729797
669	12738.29688	12873.33887	335.8754883	470.9174805
670	12574.81738	12722.68457	338.2985229	486.1657104
671	12741.84473	12873.70703	341.4994507	473.3617554
672	12700.34375	12802.90234	336.4125671	438.9711609
673	12531.86523	12673.9873	339.100769	481.2228394
674	12739.65137	12887.77344	336.2376099	484.3596802
675	12713.67969	12846.24805	346.6056824	479.1740417
676	12584.54688	12711.14941	340.3998718	467.0024109
677	12456.35742	12619.30664	335.9222107	498.8714294
678	12879.13184	13015.50293	342.6864624	479.0575562
679	12718.93848	12863.57422	347.2910156	491.9267578
680	12847.86328	12975.93652	349.1222229	477.1954651
681	12913.14648	13008.58594	337.9482117	433.3876648
682	12588.50293	12673.08203	339.2271729	423.8062744
683	12663.87012	12737.86621	327.0556946	401.0517883
684	12619.60547	12685.37598	320.7048645	386.4753723
685	12651.75977	12730.59375	326.8427429	405.6767273
686	12757.72656	12835.22266	332.7530212	410.249115
687	12687.10938	12788.92578	334.0254517	435.8418579
688	12665.62891	12754.67969	339.9161072	428.9668884
689	12536.48242	12660.31348	350.4268188	474.2578735
690	12508.08105	12602.66992	326.0098877	420.5987549
691	12488.18555	12564.13672	335.5002747	411.4514465
692	12460.23828	12537.00879	328.9757996	405.7463074
693	12847.79492	12945.19434	342.6351624	440.0345764
694	12818.19336	12880.33887	358.6080627	420.7535706
695	12713.11133	12779.67969	346.1934814	412.7618408
696	12700.24902	12818.19531	345.2019958	463.1482849
697	12504.61719	12595.4668	356.8907471	447.7403564
698	12622.9043	12710.74219	342.0295105	429.8674011
699	12495.00781	12597.19531	343.1360779	445.3235779
700	12685.02246	12780.46973	349.397644	444.8449097
701	12694.29688	12783.04102	324.1141052	412.8582458
702	12752.625	12833.10254	332.2076416	412.6851807
703	12892.81641	12992.58301	340.829895	440.5964966
704	12695.16797	12810.58887	338.3156433	453.7365417
705	12698.09473	12825.04688	338.9105225	465.8626709
706	12515.11426	12618.81543	332.8230896	436.5242615
707	12638.81934	12737.85645	342.275238	441.3123474
708	12627.52051	12744.7207	339.0196228	456.2198181
709	12978.06836	13003.24414	345.8308105	371.0065918
710	12826.18555	12869.49512	338.3387451	381.6483154
711	12492.01074	12598.22852	351.0928955	457.3106689
712	12903.25293	12992.94531	334.6158447	424.3082275
713	12856.44629	12945.99805	339.8912048	429.4429626
714	12708.97168	12836.1875	328.467865	455.6836853
715	12712.72168	12813.93555	337.7247314	438.9385986
716	12645.20508	12767.13672	329.5219116	451.4535522
717	12731.1709	12851.03516	326.9086609	446.7729187
718	12593.58594	12685.69824	332.466217	424.5785217
719	12865.69629	12951.7207	358.2453918	444.2698059
720	12623.96191	12690.36914	338.5352783	404.9425049
721	13041.58203	13028.9541	333.8977966	321.2698669
722	12902.62598	12981.19434	349.3068848	427.8752441
723	13017.45703	13077.05664	344.7234497	404.3230591
724	13175.52734	13127.97363	345.8182373	298.2645264
725	13103.08496	13143.20703	345.2530212	385.3750916
726	12861.6748	12932.39063	349.5716248	420.2874451
727	12901.64551	12942.04395	354.4837646	394.8822021
728	12812.02539	12832.62012	355.0922546	375.6869812
729	12732.85547	12826.57422	360.4553223	454.1740723
730	12801.41602	12865.6084	351.9667358	416.1591187
731	12517.55664	12586.25879	350.3926697	419.0948181
732	12572.70996	12630.00586	350.0935974	407.3894958
733	12722.15527	12813.55664	354.101532	445.5028992
734	12864.59766	12954.83105	353.0298462	443.2632446
735	12968.11328	13048.76953	350.749054	431.405304
736	12779.46289	12853.61035	356.6489258	430.7963867
737	12683.41504	12741.81445	344.8508911	403.2503052
738	12610.58105	12691.24414	345.328949	425.9920349
739	12814.13672	12902.04395	344.492218	432.3994446
740	12997.30469	13072.86133	346.632843	422.1894836
741	13067.9375	13166.62305	348.3211975	447.0067444
742	13054.66602	13186.96777	342.0838013	474.3855591
743	12927.76074	13058.37695	335.4836731	466.099884
744	12984.58984	13078.2832	343.2496948	436.9430542
745	12869.20313	12996.52246	336.1225586	463.4418945
746	12766.54004	12894.40234	341.2729797	469.1352844
747	13055.74609	13212.89844	345.1044922	502.2568359
748	12882.08691	13028.13867	347.0381775	493.0899353
749	12866.19141	13001.93164	345.5395508	481.2797852
750	12893.27344	13030.40234	351.932312	489.0612183
751	12999.67578	13125.09375	341.0718994	466.4898682
752	12924.75684	13074.26367	349.0829773	498.5898132
753	12970.125	13019.40039	351.7398071	401.0151978
754	12908.01172	12978.04297	344.3633423	414.3945923
755	12866.71191	12967.36621	348.371521	449.0258179
756	12770.7832	12865.10059	343.8465881	438.1639709
757	12668.36621	12826.67969	350.9187317	509.2322083
758	13095.45508	13133.55566	343.9750366	382.0756226
759	13064.57227	13108.31641	344.3967285	388.1408691
760	12958.64941	13040.55762	343.6234436	425.5316467
761	12954.58008	13044.08008	328.6533508	418.1533508
762	12785.44238	12888.00293	333.5725708	436.1331177
763	13022.37988	13125.16504	330.3460388	433.1311951
764	13099.63965	13226.06738	335.1142273	461.5419617
765	13159.79199	13179.52344	335.7254333	355.4568787
766	12821.37402	12859.02734	336.3874512	374.0407715
767	12777.94434	12895.07715	348.0023193	465.1351318
768	12988.07227	13002.20801	338.1990356	352.3347778
769	12905.58398	12942.22656	330.7059631	367.3485413
770	12984.18066	13051.26074	356.658783	423.7388611
771	12977.87988	13035.61719	350.4743652	408.2116699
772	12827.53711	12914.32813	336.8415833	423.6325989
773	13178.23242	13321.7959	354.3110962	497.8745728
774	12861.20898	12989.6416	346.2794189	474.7120361
775	12861.76172	13030.11133	338.2608337	506.6104431
776	12617.32031	12772.63281	348.0349426	503.3474426
777	12803.46191	12938.81641	343.9315186	479.2860107
778	12664.20703	12805.94043	341.1596069	482.8930054
779	12419.06445	12541.35449	341.0555725	463.3456116
780	12420.77637	12512.18359	329.4146118	420.8218384
781	12524.64941	12618.71582	324.6290588	418.6954651
782	12948.08008	13070.64941	334.8106079	457.3799438
783	12915.49902	12990.14258	332.1091614	406.7527161
784	12886.64063	13008.6377	330.6400452	452.6371155
785	12764.62891	12880.42773	346.99823	462.7970581
786	12989.79492	13088.43066	355.1960449	453.8317871
787	12802.62305	12916.88184	344.1245422	458.3833313
788	12901.15234	12971.87695	351.5404663	422.2650757
789	12861.69141	12986.30859	341.8802185	466.497406
790	12954.8916	13077.04102	360.0582275	482.2076416
791	12735.37988	12830.00586	345.6420898	440.2680664
792	12986.08398	13149.45801	328.2833557	491.6573792
793	12655.32715	12831.12109	342.9257507	518.719696
794	12767.47559	12923.375	337.9451904	493.8446045
795	12592.36426	12781.95605	350.6158447	540.2076416
796	12468.20313	12589.90625	347.7107239	469.4138489
797	12394.0957	12528.33301	344.7435913	478.980896
798	12462.59961	12603.70703	348.826416	489.9338379
799	12689.46973	12843.97754	351.6953125	506.203125
800	12596.15625	12758.51172	354.7529602	517.108429
801	12560.84375	12704.47559	350.8817749	494.5136108
802	12755.89648	12925.23633	356.8809509	526.2207947
803	12526.37695	12685.49023	347.9643555	507.0776367
804	12715.03223	12860.88965	347.038208	492.8956299
805	12917.25391	13036.02539	349.1252136	467.896698
806	12773.23828	12901.46191	336.4261475	464.6497803
807	12693.00977	12817.56641	352.6845398	477.2411804
808	12693.5332	12820.90039	348.2505798	475.6177673
809	12694.36426	12795.34082	332.4674988	433.4440613
810	12822.88867	12969.78027	356.6602478	503.5518494
811	12694.66699	12847.71582	355.4953918	508.54422
812	12637.24902	12791.94238	350.366272	505.0596313
813	12678.14551	12834.58105	360.8036194	517.2391663
814	12523.1543	12655.76855	355.9726563	488.5869141
815	12874.47852	12977.88965	345.7044067	449.1155396
816	12884.33203	12995.75586	344.194458	455.6182861
817	12932.51953	13103.10938	354.5592041	525.1490479
818	12599.36621	12693.33594	344.2693481	438.2390747
819	12643.94238	12802.7373	342.7075806	501.5025024
820	12661.54883	12795.44727	346.7843933	480.6828308
821	12644.49121	12742.7334	330.6443787	428.8865662
822	12734.85645	12872.59863	347.3317261	485.0739136
823	12922.41602	13042.96094	350.4374084	470.9823303
824	12955.47363	13072.77637	352.617157	469.9198914
825	12899.21094	13024.95508	355.6843567	481.4284973
826	12746.03516	12855.36914	347.5744934	456.9084778
827	13161.94531	13255.18555	337.5784912	430.8187256
828	12968.16895	13103.02637	351.0647278	485.9221497
829	12581.61328	12741.23145	344.9953918	504.6135559
830	12740.68848	12890.91016	347.7806396	498.0023193
831	12706.16211	12822.87793	336.5349426	453.2507629
832	12726.69922	12841.63672	330.0663147	445.0038147
833	12591.20117	12710.82617	342.7671509	462.3921509
834	12896.22559	13011.90234	344.6463013	460.3230591
835	12884.81641	12980.00391	328.2868958	423.4743958
836	12705.4209	12827.85059	342.1579285	464.587616
837	12995.25293	13108.85547	344.5997925	458.2023315
838	12922.55078	12948.52539	336.4837341	362.4583435
839	12946.74902	13068.4248	358.7362061	480.4119873
840	12811.59668	12893.29199	338.9446411	420.6399536
841	12662.21387	12794.51465	346.1080322	478.4088135
842	12596.67676	12700.83008	336.7176819	440.8710022
843	12929.27637	13011.43555	320.6395264	402.7987061
844	12565.42773	12634.70215	332.8610229	402.135437
845	12576.8623	12690.12988	346.0208435	459.2884216
846	12703.0625	12836.20996	353.2271118	486.3745728
847	12700.9248	12780.02539	346.9509583	426.0515442
848	12414.0918	12557.49902	350.4447021	493.8519287
849	12536.40137	12652.39551	342.63797	458.6321106
850	12571.05176	12660.15527	337.4359436	426.5394592
851	12671.61523	12819.60645	340.1515808	488.1427917
852	12215.51367	12357.91602	342.7809753	485.1833191
853	12411.0498	12542.36621	351.3115234	482.6279297
854	12525.86816	12645.30957	348.9535828	468.394989
855	12575.24512	12731.55469	350.0483398	506.3579102
856	12864.96777	13023.12598	346.9587402	505.1169434
857	12805.93457	12918.02637	349.9756775	462.0674744
858	12768.70117	12893.97754	350.2034302	475.4797974
859	12793.50879	12935.05859	354.4309998	495.9808044
860	12626.90918	12762.94434	346.0665588	482.1017151
861	12646.77344	12771.58789	344.5874939	469.401947
862	12784.3877	12886.85059	341.2103882	443.6732788
863	12712.7207	12833.30859	349.9345093	470.5223999
864	12876.4209	12976.48047	336.452301	436.5118713
865	12811.53809	12938.50098	349.3828735	476.3457642
866	12619.00488	12736.95703	342.3969421	460.3490906
867	12736.24023	12820.0166	352.3595581	436.1359253
868	12698.74902	12792.83594	353.5088501	447.5957642
869	12957.4873	13069.99121	346.8442078	459.348114
870	12652.04199	12777.22852	342.4776306	467.6641541
871	12425.45605	12553.47656	350.9096375	478.9301453
872	12640.55664	12766.65527	347.0170593	473.1156921
873	12480.18945	12644.62012	347.7232971	512.1539612
874	12659.97754	12806.17285	343.8116455	490.006958
875	12851.81738	12983.23828	347.6131897	479.0340881
876	12911.71973	13042.58496	355.4443665	486.3096008
877	12497.82129	12625.95117	345.3156128	473.4454956
878	12814.49512	12953.2959	349.1880493	487.9888306
879	12770.15625	12889.75586	355.0248718	474.6244812
880	12481.22168	12601.00684	340.5785828	460.363739
881	12718.00781	12850.00488	346.2608032	478.2578735
882	12619.37695	12751.69629	351.8548889	484.1742249
883	12506.22559	12620.32813	347.5748291	461.6773682
884	12412.36816	12489.35254	351.5668945	428.5512695
885	12752.51563	12834.62109	343.5689087	425.6743774
886	12899.20801	13002.71777	344.3904419	447.9002075
887	12932.11328	13064.57422	351.5814819	484.0424194
888	12824.41895	12955.375	345.8501282	476.8061829
889	12625.97168	12778.69238	346.6184387	499.3391418
890	12830.37305	12971.99707	351.2207947	492.8448181
891	12961.73145	13107.33984	352.0260315	497.6344299
892	12930.23047	13063.11621	359.4904785	492.3762207
893	12654.40918	12819.14844	346.3791809	511.1184387
894	12805.375	12917.54883	349.7532654	461.9270935
895	12639.21777	12777.87891	355.1193542	493.7804871
896	12703.74902	12812.4668	346.6961365	455.4139099
897	12819.0166	12951.42578	358.5733643	490.9825439
898	12900.26758	12999.53027	357.1774902	456.4401855
899	12936.48047	13081.86035	335.0604553	480.4403381
900	12928.42285	13010.0293	336.7397766	418.3462219
901	12695.00488	12789.97559	338.5370483	433.5077515
902	12694.46289	12848.73438	348.9744263	503.2459106
903	12614.5625	12732.5166	343.5311584	461.48526
904	12748.24316	12884.83203	340.8736572	477.4625244
905	12724.30664	12898.64551	351.2062073	525.5450745
906	12371.05859	12509.47754	356.5144653	494.9334106
907	12460.22559	12614.84668	345.1416626	499.7627563
908	12362.9541	12498.1875	349.1103821	484.3437805
909	12561.78613	12695.67676	350.7832642	484.6738892
910	12646.6748	12770.88477	357.538147	481.7481079
911	12739.22559	12829.25098	340.956604	430.9819946
912	12717.88086	12852.24805	341.1114197	475.4786072
913	12542.51367	12682.08594	342.4942322	482.0664978
914	12766.77051	12888.61328	347.4463501	469.2891235
915	12720.98926	12827.0127	338.0067444	444.0301819
916	12989.46094	13121.39746	333.3666992	465.3032227
917	12855.98633	12954.83887	339.2178955	438.0704346
918	12659.87598	12785.16309	350.2047119	475.4918213
919	12650.88477	12782.27441	343.2134705	474.6031189
920	12615.99316	12731.69434	338.692627	454.3937988
921	12840.96875	12957.75879	339.1465149	455.936554
922	12609.74707	12732.89746	341.6233521	464.7737427
923	12620.63574	12758.67285	343.2879333	481.3250427
924	12750.61133	12895.21777	346.4490967	491.055542
925	12750.58105	12890.63379	345.0095215	485.0622559
926	12580.00293	12723.93066	341.2088928	485.1366272
927	12760.03418	12907.2627	346.7044067	493.9329224
928	12686.66309	12816.2168	335.2006531	464.754364
929	12559.18066	12686.68555	341.4042053	468.9090881
930	12469.7207	12592.36621	346.5069275	469.1524353
931	12600.00879	12736.6543	344.1421204	480.7876282
932	12755.37305	12882.51074	348.7371521	475.8748474
933	12536.15527	12661.73242	343.8729858	469.4501343
934	12618.88965	12766.71875	335.1730652	483.0021667
935	12654.58105	12787.11914	343.4369507	475.9750366
936	12639.45313	12781.79395	343.0842896	485.4251099
937	12668.02246	12800.19238	345.1311035	477.3010254
938	12708.7998	12855.51367	347.5136719	494.2275391
939	12592.125	12717.71973	340.0990906	465.6938171
940	12493.61523	12645.51855	339.8746033	491.7779236
941	12539.15039	12690.93555	344.9084473	496.6936035
942	12357.9209	12496.16895	340.9513245	479.1993713
943	12687.84668	12822.24121	341.6102905	476.0048218
944	12737.96582	12869.96777	343.5535583	475.5555115
945	12636.54297	12766.65234	342.6844177	472.7937927
946	12848.94922	12972.39063	335.4660645	458.9074707
947	12657.49121	12740.50098	327.9770203	410.9867859
948	12294.80664	12375.4834	339.1568604	419.8336182
949	12365.6416	12488.91406	343.539978	466.812439
950	12384.5166	12543.8291	347.4350281	506.7475281
951	12653.71191	12793.57324	359.31604	499.1773682
952	12872.98047	13029.04395	352.5661316	508.6296082
953	12719.46777	12821.93359	341.7196045	444.1854248
954	12702.90723	12845.50586	340.0527954	482.6514282
955	12664.79785	12842.76563	360.7802734	538.7480469
956	12725.71973	12872.85449	338.7230225	485.8577881
957	12807.52539	12945.4209	338.6881104	476.5836182
958	12391.12793	12534.64453	343.0566711	486.5732727
959	12426.7041	12581.0498	346.6164856	500.9621887
960	12627.03613	12762.84863	354.5124512	490.3249512
961	12426.12891	12577.73047	346.632843	498.2344055
962	12365.28613	12513.11328	348.6338501	496.4609985
963	12582.52539	12734.10938	346.303833	497.8878174
964	12636.2373	12763.25586	344.3369446	471.3554993
965	12474.97266	12600.61035	339.0299377	464.6676331
966	12635.08594	12734.43945	343.7774658	443.1309814
967	12537.24609	12675.4668	347.2076111	485.4283142
968	12465.28711	12613.69922	348.9116211	497.3237305
969	12346.375	12490.46777	343.0353394	487.1281128
970	12585.63086	12720.58789	345.4008179	480.3578491
971	12467.15723	12582.81836	338.6521606	454.3132935
972	12527.31348	12651.98047	337.1276245	461.7946167
973	12480.43359	12605.20117	340.1392517	464.9068298
974	12623.5918	12777.61719	343.281311	497.3067017
975	12614.7998	12735.5	340.170166	460.8703613
976	12608.29297	12731.27734	335.4917603	458.4761353
977	12419.31445	12534.7832	343.446228	458.914978
978	12440.53613	12552.51074	347.2947998	459.2694092
979	12574.37988	12701.49902	344.2813721	471.4005127
980	12591.74316	12736.5	345.3248901	490.0817261
981	12738.08496	12846.91699	343.1519165	451.9839478
982	12619.28223	12754.27734	341.3013916	476.2965088
983	12732.98633	12814.56836	340.4963684	422.0783997
984	12549.88086	12687.91895	344.5698853	482.6079712
985	12821.94434	12960.94922	340.3546753	479.3595581
986	12640.11133	12749.15332	348.1234436	457.1654358
987	12418.62695	12557.38086	344.2489624	483.0028687
988	12628.07129	12773.18262	339.6521912	484.7635193
989	12860.11621	12981.69141	349.5632935	471.1384888
990	12593.68066	12731.5498	346.3872375	484.2563782
991	12809.71582	12938.08984	347.2395325	475.6135559
992	12963.28711	13086.7998	344.6915283	468.2042236
993	12927.64941	13058.72461	347.887207	478.9624023
994	12699.47559	12835.78418	339.8964844	476.2050781
995	12537.47754	12694.19531	356.5021667	513.2199402
996	12901.04785	13025.90527	354.1859131	479.043335
997	12745.21777	12915.2666	347.0286255	517.0774536
998	13018.58203	13177.22754	344.1763916	502.8218994
999	13121.85547	13246.94922	344.4337158	469.5274658
1000	12925.9209	13062.37012	351.3273315	487.7765503
1001	12940.10254	13050.18457	354.9786682	465.0606995
1002	13075.68164	13242.01953	347.650177	513.9880676
1003	13260.7168	13398.21875	341.8560486	479.3580017
1004	13111.62598	13264.78516	349.6362	502.7953796
1005	12806.69238	12957.34766	343.4738464	494.1291199
1006	12989.10352	13146.9209	349.7432251	507.5606079
1007	13094.7627	13248.32617	347.7793579	501.3428345
1008	13016.82031	13173.68555	349.5238342	506.3890686
1009	12707.29785	12865.32422	342.3200378	500.346405
1010	13065.78418	13213.15234	344.8207703	492.1889343
1011	13100.13672	13257.11816	350.8372498	507.8186951
1012	13025.52637	13158.0752	341.6816406	474.2304688
1013	12760.45215	12915.60059	345.9140015	501.062439
1014	12751.86328	12872.45996	341.2461243	461.842804
1015	12905.34277	13031.22656	335.898407	461.782196
1016	12890.05957	13014.73047	347.4262695	472.097168
1017	12749.92383	12885.48047	342.013916	477.5705566
1018	13008.62207	13078.8916	350.9576111	421.2271423
1019	12969.98438	13126.35352	355.2812195	511.6503601
1020	12953.32031	13103.9834	345.7906189	496.4537048
1021	12725.7832	12857.99316	347.4421082	479.6520691
1022	12711.57813	12854.97949	346.3211365	489.7225037
1023	12699.72754	12827.43652	351.1149902	478.8239746
1024	12907.05273	13045.98242	335.4803772	474.4100647
1025	13093.19336	13225.5	337.9552307	470.2618713
1026	12989.86133	13123.2334	346.3367615	479.7088318
1027	12980.37402	13106.35449	354.556427	480.5368958
1028	12791.25879	12954.72461	357.0802307	520.546051
1029	12579.67188	12742.27441	345.3392334	507.9417725
1030	12533.60938	12665.62598	349.0492859	481.0658875
1031	12665.3623	12803.91309	350.2905884	488.8413696
1032	12668.86426	12756.99316	327.9888	416.1177063
1033	12688.77832	12789.6748	349.7841797	450.6806641
1034	12671.43164	12802.28223	344.9264832	475.7770691
1035	12629.75781	12745.37109	353.793396	469.4066772
1036	12708.01953	12835.11328	360.5704346	487.6641846
1037	12626.80371	12745.86719	328.5032959	447.5667725
1038	12755.63867	12904.48926	337.3475342	486.1981201
1039	13072.8916	13203.22852	358.7578125	489.0947266
1040	12805.89355	12917.05566	347.7049866	458.8670959
1041	12686.3457	12817.47656	345.6860352	476.8168945
1042	12680.55664	12835.09766	344.3414917	498.8825073
1043	12650.66895	12805.56348	340.5037231	495.3982544
1044	12741.41113	12930.67773	342.8796997	532.1463013
1045	12793.48242	12962.66504	348.2604065	517.4430237
1046	12676.94531	12818.17871	351.3419495	492.5753479
1047	12667.62988	12815.62695	347.4476013	495.4446716
1048	12510.875	12670.7373	342.9126587	502.7749634
1049	12652.12891	12831.58008	339.099762	518.5509338
1050	13001.35742	13134.48242	347.9020081	481.0270081
1051	12723.71387	12846.86523	353.5569153	476.7082825
1052	12909.47461	13020.66113	350.8860474	462.0725708
1053	12892.73926	12978.50488	347.7260742	433.4916992
1054	12713.91699	12819.92871	353.9057007	459.9174194
1055	12762.20703	12862.09277	344.8433533	444.7290955
1056	12674.35059	12807.72559	343.1008911	476.4758911
1057	12776.33691	12898.72461	351.5020447	473.88974
1058	12792.2627	12950.99805	359.2122192	517.9475708
1059	12879.04297	13046.86719	351.6721497	519.4963684
1060	12735.19922	12884.50684	354.2442627	503.5518799
1061	12852.15527	12932.58594	334.3125	414.7431641
1062	12707.66797	12792.53418	340.4096985	425.2759094
1063	12990.77246	13079.43555	329.6123962	418.2754822
1064	12945.09766	13039.5957	339.1887207	433.6867676
1065	12712.6748	12791.83887	345.6264954	424.7905579
1066	12810.7373	12952.66309	336.1996765	478.1254578
1067	12373.02148	12539.48633	329.4860229	495.9508667
1068	12743.97949	12857.81934	337.6297302	451.469574
1069	12776.16309	12898.6582	333.645752	456.1408691
1070	12726.4375	12739.67871	350.0345154	363.2757263
1071	12790.7832	12845.61426	331.0512695	385.8823242
1072	12836.86426	12847.73145	342.2016296	353.0688171
1073	12924.77344	12964.69824	346.070343	385.9951477
1074	12679.2627	12764.45703	336.4030151	421.5973511
1075	12813.66992	12849.98633	349.02771	385.3441162
1076	12539.37598	12618.50488	344.2753601	423.4042664
1077	12912.43164	13018.79785	358.7161255	465.0823364
1078	12781.16211	12924.97559	353.7632751	497.5767517
1079	12545.78613	12662.62695	359.1072083	475.9480286
1080	12626.57422	12776.46289	348.6077576	498.4964294
1081	12649.17676	12732.24219	357.7528381	440.8182678
1082	12592.25195	12681.07031	352.8996887	441.7180481
1083	12789.88867	12925.38477	345.4307251	480.9268188
1084	12739.3623	12824.49805	359.8101807	444.9459229
1085	12910.68652	13021.09668	349.4398804	459.8500366
1086	12996.52051	13139.25293	346.4465637	489.1789856
1087	12761.28906	12906.49609	353.6498413	498.8568726
1088	12988.28809	13113.05664	345.190155	469.9587097
1089	12808.93164	12960.50391	347.0183411	498.5906067
1090	12747.99023	12895.11621	345.7494507	492.8754272
1091	12817.68555	12977.06836	354.979187	514.3619995
1092	12918.125	13018.79492	361.3701172	462.0400391
1093	12879.31836	13018.94531	356.3850403	496.0119934
1094	13058.68555	13200.01855	353.7589417	495.0919495
1095	12820.96777	12980.08691	352.2660522	511.3851929
1096	12898.00684	13059.86719	354.894928	516.7552795
1097	13033.22559	13191.44922	347.2015686	505.4252014
1098	12879.08887	13029.82227	339.0047913	489.7381897
1099	13095.05566	13170.54395	340.994812	416.4830933
1100	13173.50391	13293.36621	338.8143005	458.6766052
1101	12901.39453	12987.63281	323.921875	410.1601563
1102	12836.55566	12938.89355	335.3095093	437.6473999
1103	12893.72656	13037.39648	356.4840698	500.1539917
1104	12718.44336	12860.11035	342.2541504	483.9211426
1105	12542.91895	12676.54199	348.1251831	481.74823
1106	12688.87793	12849.22949	345.3002319	505.6517944
1107	12936.77441	13092.10059	345.722229	501.0484009
1108	12676.55273	12838.21777	349.2159729	510.881012
1109	12826.55957	12964.4668	353.8145142	491.7217407
1110	12891.85938	13040.39746	347.3666382	495.9047241
1111	12778.1582	12890.25586	349.1940613	461.2917175
1112	12950.93945	13090.13574	349.6602783	488.8565674
1113	12765.90527	12911.62012	345.5865479	491.3013916
1114	12588.22363	12692.0625	342.815155	446.6540222
1115	12763.08691	12851.2666	355.3880615	443.567749
1116	12760	12883.73047	347.0796814	470.8101501
1117	13080.8252	13214.51758	342.9520569	476.6444397
1118	12855.21484	12967.99316	347.2756653	460.0539856
1119	12722.63281	12871.44336	341.5152893	490.3258362
1120	12935.69238	13033.90918	341.2644348	439.4812317
1121	12733.43457	12866.43164	342.1448364	475.1419067
1122	12507.52051	12643.18555	352.0157471	487.6807861
1123	12802.69336	12869.18262	355.5946655	422.0839233
1124	12911.7832	13023.25586	342.8694763	454.3421326
1125	12723.96387	12854.05859	355.9962769	486.0910034
1126	12625.91992	12724.46973	343.7762146	442.3260193
1127	12496.48438	12621.62598	350.8761902	476.0177917
1128	12681.90918	12808.83301	345.3150635	472.2388916
1129	12644.31445	12747.15234	357.0671692	459.9050598
1130	12719.81641	12831.08301	348.8223572	460.0889587
1131	12817.00195	12907.60742	365.5836487	456.1891174
1132	12575.80273	12723.25879	350.9654541	498.4215088
1133	12488.91992	12628.50684	343.9038696	483.4907837
1134	12476.99707	12595.54883	351.6299744	470.1817322
1135	12720.53711	12844.98828	344.808136	469.2593079
1136	12740.94727	12880.61328	352.7400818	492.4060974
1137	12668.38672	12803.47949	338.6817932	473.7745667
1138	12569.01074	12676.1582	350.6308899	457.7783508
1139	12649.7793	12781.10156	344.9396057	476.2618713
1140	12608.9834	12715.62305	342.3333435	448.9729919
1141	12522.43848	12679.20605	354.6599426	511.4275208
1142	12553.20898	12699.95898	342.0898132	488.8398132
1143	12677.42773	12787.52148	347.6340942	457.7278442
1144	12658.44629	12769.65137	351.9310303	463.1361084
1145	12726.88477	12854.08105	345.3935242	472.5898132
1146	12694.18652	12815.13086	355.644165	476.588501
1147	12396.40625	12522.91895	358.1425781	484.6552734
1148	12682.53809	12822.16992	345.9059448	485.5377808
1149	12619.40039	12700.66797	332.9794617	414.2470398
1150	12561.37012	12658.54395	337.7426147	434.9164429
1151	12604.06641	12718.63086	333.1312561	447.6957092
1152	12550.98242	12650.12305	331.2331848	430.3738098
1153	12627.3584	12725.92285	333.4604797	432.0249329
1154	12767.7041	12857.93652	337.0931702	427.325592
1155	12712.73633	12848.01465	357.9857788	493.2640991
1156	12728.65039	12849.92578	338.1447449	459.4201355
1157	12519.05664	12624.09863	353.3206482	458.3626404
1158	12491.94238	12599.72363	356.9198914	464.7011414
1159	12914.60547	13004.79004	359.4306946	449.6152649
1160	12689.87598	12847.92285	341.9050903	499.9519653
1161	12559.80664	12681.34277	327.2456665	448.7817993
1162	12775.09082	12868.2334	331.822052	424.9646301
1163	12707.06348	12840.79883	332.9982605	466.7336121
1164	12655.52637	12760.62988	334.5653076	439.6688232
1165	12541.37891	12645.6748	333.1006165	437.3965149
1166	12609.25195	12712.26563	343.5015564	446.5152283
1167	12612.12012	12770.28613	341.1764526	499.3424683
1168	12648.5918	12774.89453	336.3122559	462.6149902
1169	12305.97461	12450.78711	333.9621277	478.7746277
1170	12550.53027	12645.44336	335.0460815	429.9591675
1171	12277.36914	12358.65137	331.690155	412.9723816
1172	12557.56445	12633.41211	333.5949402	409.4425964
1173	12626.47363	12715.96289	334.0000916	423.4893494
1174	12704.43848	12795.84473	352.20047	443.60672
1175	12608.97754	12736.78125	340.9754639	468.7791748
1176	12744.11328	12857.78125	362.0396729	475.7076416
1177	12703.51465	12847.93555	349.3499146	493.770813
1178	12464.90137	12627.35645	356.4979553	518.9530334
1179	12705.86914	12828.34473	342.6605225	465.1361084
1180	12679.21289	12789.74609	346.0758362	456.6090393
1181	12672.46777	12769.82324	354.024353	451.3798218
1182	12727.37891	12823.54492	352.3783875	448.5444031
1183	12532.05664	12621.98926	348.6142883	438.5469055
1184	12608.28223	12730.44922	337.2489624	459.4159546
1185	12519.24805	12667.00098	343.3484497	491.1013794
1186	12688.74609	12767.6582	346.210022	425.1221313
1187	12756.57715	12826.34668	365.8842163	435.6537476
1188	12744.24512	12818.48926	352.3442078	426.5883484
1189	12722.54199	12837.56445	343.4147949	458.4372559
1190	12807.24609	12928.41309	343.6515808	464.818573
1191	12798.51855	12911.04004	348.3981323	460.9196167
1192	12636.84766	12751.74512	336.9081726	451.8056335
1193	12532.08008	12611.78809	337.6657104	417.3737183
1194	12578.16016	12680.51758	333.3006287	435.6580505
1195	12488.07227	12568.86133	330.6697693	411.4588318
1196	12717.25391	12853.74121	355.3398438	491.8271484
1197	12678.09375	12784.01953	340.218689	446.1444702
1198	12943.2998	13014.32129	335.8232422	406.8447266
1199	12850.11621	12991.45801	357.0350342	498.3768311
1200	12594.86914	12740.35254	353.9190674	499.4024658
1201	12593.3916	12723.80957	341.3740234	471.7919922
1202	12631.30566	12772.99609	343.5636292	485.2540588
1203	12716.0293	12784.27832	334.120697	402.3697205
1204	12539.07813	12656.19824	349.0480347	466.1681519
1205	12412.66895	12528.41895	345.1464844	460.8964844
1206	12549.10449	12652.71191	350.4489746	454.0563965
1207	12672.01465	12809.89746	352.2720947	490.1549072
1208	12497.05176	12644.28125	351.9529114	499.1824036
1209	12486.95703	12595.12598	339.8708191	448.0397644
1210	12861.10156	12929.43359	336.5965271	404.9285583
1211	12528.63867	12631.81348	335.7239685	438.8987732
1212	12598.75586	12695.46777	328.7745056	425.4864197
1213	12640.68457	12734.88184	336.0926208	430.2898865
1214	12687.30762	12763.08887	344.322113	420.103363
1215	13002.96875	13112.93262	334.6533203	444.6171875
1216	12959.78613	13043.70117	333.015686	416.9307251
1217	12865.23633	12903.33496	339.3882751	377.486908
1218	12564.51563	12657.8584	332.4343262	425.7770996
1219	12748.23926	12816.27832	342.3901367	410.4291992
1220	12690.17676	12745.1709	325.5441589	380.5382996
1221	12795.15039	12857.36914	343.3763123	405.5950623
1222	12544.93457	12608.76563	350.318512	414.1495667
1223	12727.85645	12810.02246	337.8511963	420.0172119
1224	12665.20215	12734.13379	349.6359253	418.5675659
1225	12585.10449	12679.29492	337.6624146	431.8528442
1226	12865.0791	12928.21387	335.2964172	398.4311829
1227	12956.82422	13010.59863	348.2943726	402.0687866
1228	13013.85059	13064.81934	350.1687012	401.1374512
1229	12817.25684	12937.94727	345.2062988	465.8967285
1230	12966.42188	13050.01758	339.7047119	423.300415
1231	12849.40918	12936.8125	346.3653564	433.7686768
1232	13046.93457	13148.0127	332.5021362	433.5802612
1233	13059.875	13169.79492	340.8422241	450.762146
1234	13004.5625	13103.0498	337.9949341	436.4822388
1235	12828.11523	12908.16406	347.2543335	427.3031616
1236	12991.13672	13103.52344	332.1596069	444.5463257
1237	12626.63184	12749.99512	342.2886047	465.651886
1238	12881.27832	12987.90039	350.2293091	456.8513794
1239	12769.31445	12894.5957	348.5091858	473.7904358
1240	12694.13965	12858.62305	343.4771423	507.9605408
1241	12464.53906	12595.78711	340.8558044	472.1038513
1242	12693.79199	12809.33398	353.3832092	468.9252014
1243	12752.98145	12875.38281	351.9631653	474.3645325
1244	12696.13379	12757.3457	338.9841309	400.1960449
1245	12613.01172	12643.62695	341.7610779	372.3763123
1246	12770.47852	12881.81641	338.637085	449.9749756
1247	12773.80176	12886.91309	343.3469238	456.458252
1248	12581.18945	12745.98926	336.637085	501.4368896
1249	12804.98828	12956.08594	338.2711792	489.3688354
