17.60320472717285
17.688718795776367
17.712160110473633
17.702882766723633
17.824222564697266
17.923870086669922
17.835617065429688
17.961915969848633
17.76852035522461
17.833955764770508
17.913925170898438
17.891754150390625
17.851160049438477
17.844341278076172
17.890052795410156
17.815067291259766
17.790620803833008
17.817956924438477
17.83121109008789
17.80982780456543
17.752975463867188
17.853200912475586
17.771263122558594
17.792736053466797
17.760818481445313
17.742626190185547
17.721940994262695
17.68739128112793
17.74253273010254
17.693260192871094
17.70140266418457
17.702314376831055
17.659364700317383
17.677812576293945
17.599746704101563
17.678668975830078
17.670330047607422
17.695329666137695
17.73856544494629
17.681974411010742
17.73195457458496
17.7457218170166
17.723377227783203
17.70416831970215
17.71573257446289
17.699758529663086
17.770998001098633
17.779653549194336
17.720447540283203
17.746063232421875
17.722917556762695
17.763103485107422
17.711275100708008
17.678403854370117
17.73942756652832
17.692686080932617
17.65159034729004
17.71611213684082
17.587099075317383
17.581607818603516
17.70348358154297
17.67204475402832
17.668413162231445
17.67948341369629
17.762474060058594
17.634174346923828
17.63054656982422
17.64686393737793
17.689733505249023
17.653501510620117
17.691131591796875
17.767011642456055
17.77789306640625
17.70677375793457
17.809579849243164
17.811147689819336
17.789920806884766
17.659927368164063
17.831687927246094
17.764965057373047
17.81661605834961
17.64187240600586
17.742141723632813
17.815893173217773
17.841402053833008
17.824237823486328
17.87873077392578
17.82490348815918
17.84946060180664
17.852821350097656
17.818572998046875
17.81332778930664
17.903736114501953
17.808401107788086
17.80868911743164
17.859384536743164
17.839859008789063
17.81825828552246
17.793106079101563
17.913597106933594
17.795257568359375
17.80097198486328
17.737003326416016
17.79081916809082
17.81412124633789
17.881425857543945
17.77709197998047
17.750804901123047
17.76105308532715
17.754060745239258
17.77863121032715
17.784460067749023
17.858741760253906
17.75434112548828
17.75023651123047
17.731689453125
17.768930435180664
17.75027847290039
17.694355010986328
17.811283111572266
17.693159103393555
17.773826599121094
17.831863403320313
17.868175506591797
17.80044174194336
17.773916244506836
17.790185928344727
17.803133010864258
17.73456573486328
17.709819793701172
17.73430824279785
17.785167694091797
17.71089744567871
17.714406967163086
17.819183349609375
17.75607681274414
17.76324462890625
17.80013656616211
17.791399002075195
17.692228317260742
17.78277587890625
17.78251075744629
17.782901763916016
17.88199806213379
17.795330047607422
17.783519744873047
17.81535530090332
17.856077194213867
17.79277229309082
17.7806396484375
17.903573989868164
17.91811180114746
17.85639762878418
17.84980583190918
17.883071899414063
17.953201293945313
17.892070770263672
17.76978302001953
17.794029235839844
17.78986167907715
17.88837432861328
17.89761734008789
17.84544563293457
17.85066795349121
17.859039306640625
17.84707260131836
17.7558536529541
17.708110809326172
17.75296974182129
17.795499801635742
17.728769302368164
17.683958053588867
17.668254852294922
17.706512451171875
17.744577407836914
17.819761276245117
17.694936752319336
17.746593475341797
17.7237548828125
17.666454315185547
17.611804962158203
17.701738357543945
17.684520721435547
17.7219295501709
17.834569931030273
17.808378219604492
17.743976593017578
17.70616340637207
17.72231674194336
17.857114791870117
17.81341552734375
17.77680778503418
17.80994987487793
17.820898056030273
17.789485931396484
17.836767196655273
17.694623947143555
17.682514190673828
17.766237258911133
17.79374122619629
17.80886459350586
17.810073852539063
17.84317398071289
17.724409103393555
17.762733459472656
17.70184898376465
17.812170028686523
17.81876564025879
17.88511848449707
17.857839584350586
17.807981491088867
17.833545684814453
17.815093994140625
17.88284683227539
17.878292083740234
17.742685317993164
17.8870906829834
17.834985733032227
17.75672149658203
17.901514053344727
17.933475494384766
17.966548919677734
17.92500114440918
17.85702133178711
17.8979549407959
17.931982040405273
17.959877014160156
17.94253921508789
17.969324111938477
17.879243850708008
17.907949447631836
17.94705581665039
17.93117904663086
17.94500160217285
17.89460563659668
17.937726974487305
17.911470413208008
17.89982032775879
17.879751205444336
17.92816925048828
17.946247100830078
17.92804718017578
17.886857986450195
17.96766471862793
17.931596755981445
17.925493240356445
17.911182403564453
17.957469940185547
17.866498947143555
17.93738555908203
17.911422729492188
17.98224639892578
17.926816940307617
17.955015182495117
17.82680892944336
17.943567276000977
17.91909408569336
17.894302368164063
17.90403175354004
17.9249210357666
17.86433219909668
17.95938491821289
17.935123443603516
17.916872024536133
17.964984893798828
17.946868896484375
17.86343765258789
17.85420799255371
17.96754264831543
17.880027770996094
17.817781448364258
17.864521026611328
17.926694869995117
17.901365280151367
17.87299919128418
17.851625442504883
17.825231552124023
17.956871032714844
17.958232879638672
17.99129295349121
17.919973373413086
17.992570877075195
17.941740036010742
17.927396774291992
17.97366714477539
17.969762802124023
17.930212020874023
17.994468688964844
17.961071014404297
17.965713500976563
17.942337036132813
17.902313232421875
17.81409454345703
17.915475845336914
17.90332794189453
17.895854949951172
17.937870025634766
17.941301345825195
17.88401985168457
17.890188217163086
17.8426570892334
17.893810272216797
17.879629135131836
17.89076805114746
17.876976013183594
17.934165954589844
17.89641571044922
17.92576026916504
17.848438262939453
17.816328048706055
17.7602481842041
17.865036010742188
17.887521743774414
17.822277069091797
17.87759780883789
17.867536544799805
17.837934494018555
17.873870849609375
17.917936325073242
17.838132858276367
17.79728889465332
17.86576271057129
17.9541072845459
17.838485717773438
17.861207962036133
17.928319931030273
17.874055862426758
17.959993362426758
17.885343551635742
17.912778854370117
17.899944305419922
17.865861892700195
17.904415130615234
17.792190551757813
17.897674560546875
17.876985549926758
17.858911514282227
17.824989318847656
17.758729934692383
17.83428955078125
17.734947204589844
17.899736404418945
17.823081970214844
17.772686004638672
17.771760940551758
17.68612289428711
17.774070739746094
17.796728134155273
17.816679000854492
17.860408782958984
17.709945678710938
17.744686126708984
17.787904739379883
17.75438117980957
17.706012725830078
17.81528663635254
17.7425479888916
17.730846405029297
17.75625228881836
17.783403396606445
17.808380126953125
17.845176696777344
17.85335350036621
17.83391571044922
17.855852127075195
17.81593894958496
17.8243465423584
17.75506591796875
17.72966194152832
17.7141056060791
17.813861846923828
17.67510986328125
17.732498168945313
17.697370529174805
17.6364688873291
17.64838981628418
17.660694122314453
17.718643188476563
17.657323837280273
17.63031768798828
17.68443489074707
17.614778518676758
17.59770965576172
17.5921630859375
17.607688903808594
17.62371063232422
17.62343978881836
17.640117645263672
17.6290340423584
17.671483993530273
17.71286392211914
17.627803802490234
17.613540649414063
17.64384651184082
17.65961456298828
17.65618324279785
17.692611694335938
17.68754005432129
17.625757217407227
17.617534637451172
17.618896484375
17.66963005065918
17.626264572143555
17.657358169555664
17.710796356201172
17.612306594848633
17.65808868408203
17.624242782592773
17.646554946899414
17.746109008789063
17.672801971435547
17.74012565612793
17.689733505249023
17.731281280517578
17.71845817565918
17.725017547607422
17.71200180053711
17.721839904785156
17.71702003479004
17.78020477294922
17.806798934936523
17.741147994995117
17.761159896850586
17.77117156982422
17.77431297302246
17.71751594543457
17.747068405151367
17.73454475402832
17.80858039855957
17.810476303100586
17.808719635009766
17.84734535217285
17.855331420898438
17.833513259887695
17.776403427124023
17.80795669555664
17.781108856201172
17.76474952697754
17.73058319091797
17.678157806396484
17.79463005065918
17.791555404663086
17.720317840576172
17.820837020874023
17.688318252563477
17.734514236450195
17.813926696777344
17.713712692260742
17.68699073791504
17.72562026977539
17.707712173461914
17.71157455444336
17.69431495666504
17.770875930786133
17.79869842529297
17.699186325073242
17.801904678344727
17.85508918762207
17.782028198242188
17.78325843811035
17.846267700195313
17.822635650634766
17.82275390625
17.75591468811035
17.84601402282715
17.755456924438477
17.74679183959961
17.751237869262695
17.71355628967285
17.859533309936523
17.724210739135742
17.784685134887695
17.829729080200195
17.823091506958008
17.833961486816406
17.72782325744629
17.768142700195313
17.7782039642334
17.871356964111328
17.8759822845459
17.897403717041016
17.798267364501953
17.805999755859375
17.901758193969727
17.786577224731445
17.86924934387207
17.932491302490234
17.912796020507813
17.848731994628906
17.859935760498047
17.840341567993164
17.787466049194336
17.909381866455078
17.896650314331055
17.898273468017578
17.99393081665039
17.917682647705078
17.771255493164063
17.790462493896484
17.895017623901367
17.82986068725586
17.820556640625
17.888578414916992
17.777446746826172
17.85346031188965
17.86717414855957
17.86528968811035
17.854530334472656
17.827131271362305
17.851303100585938
17.86050796508789
17.859390258789063
17.959476470947266
17.905052185058594
17.998565673828125
17.926151275634766
17.904027938842773
17.740827560424805
17.847644805908203
17.79424476623535
17.73094367980957
17.747631072998047
17.77539825439453
17.810588836669922
17.86224937438965
17.798450469970703
17.83618927001953
17.827394485473633
17.81697654724121
17.771350860595703
17.6785945892334
17.771465301513672
17.820444107055664
17.719810485839844
17.803462982177734
17.804899215698242
17.861711502075195
17.808134078979492
17.77676773071289
17.859981536865234
17.82752799987793
17.89933204650879
17.857152938842773
17.822294235229492
17.792621612548828
17.795408248901367
17.826183319091797
17.89358139038086
17.818117141723633
17.8675594329834
17.818971633911133
17.777345657348633
17.84238624572754
17.783023834228516
17.746225357055664
17.82891082763672
17.715566635131836
17.696388244628906
17.81770133972168
17.810359954833984
17.79837417602539
17.74176025390625
17.755767822265625
17.762142181396484
17.870460510253906
17.832983016967773
17.842214584350586
17.821996688842773
17.818012237548828
17.873790740966797
17.799816131591797
17.90448570251465
17.871322631835938
17.952768325805664
17.887907028198242
17.922428131103516
17.883630752563477
17.872400283813477
17.952985763549805
17.954328536987305
17.83087921142578
17.814006805419922
17.90093994140625
17.815698623657227
17.820323944091797
17.833452224731445
17.811641693115234
17.87480354309082
17.820144653320313
17.918039321899414
17.843908309936523
17.848012924194336
17.878538131713867
17.86565589904785
17.857269287109375
17.811561584472656
17.864280700683594
17.813390731811523
17.793149948120117
17.731542587280273
17.869449615478516
17.689401626586914
17.738500595092773
17.763296127319336
17.809412002563477
17.80839729309082
17.803701400756836
17.802448272705078
17.76784896850586
17.86389923095703
17.73862075805664
17.70396614074707
17.877412796020508
17.78595542907715
17.85957908630371
17.778303146362305
17.824216842651367
17.766830444335938
17.791427612304688
17.780017852783203
17.752382278442383
17.7723445892334
17.776575088500977
17.840919494628906
17.74319076538086
17.729537963867188
17.817928314208984
17.825428009033203
17.78252410888672
17.751733779907227
17.88541603088379
17.843351364135742
17.79460334777832
17.818891525268555
17.824016571044922
17.756572723388672
17.784093856811523
17.756671905517578
17.87954330444336
17.878128051757813
17.762269973754883
17.87251091003418
17.802759170532227
17.830909729003906
17.800979614257813
17.807851791381836
17.887378692626953
17.841474533081055
17.774005889892578
17.85407829284668
17.822885513305664
17.85019302368164
17.941190719604492
17.864307403564453
17.942798614501953
18.025222778320313
17.95073890686035
17.94049072265625
17.921993255615234
17.904006958007813
17.89301109313965
17.842876434326172
17.94275665283203
17.84837532043457
17.91015625
17.858543395996094
17.85301971435547
17.831340789794922
17.817094802856445
17.899749755859375
17.8585205078125
17.919818878173828
17.801067352294922
17.855518341064453
17.84733772277832
17.847936630249023
17.86520004272461
17.88926887512207
17.911531448364258
17.87605857849121
17.84565544128418
17.840469360351563
17.81908416748047
17.89544677734375
17.91560173034668
17.92283821105957
17.92803192138672
17.920961380004883
17.872940063476563
17.842626571655273
17.81005859375
17.897754669189453
17.85655403137207
17.940242767333984
17.898916244506836
17.82738494873047
17.70442771911621
17.748214721679688
17.91661262512207
17.79796600341797
17.892711639404297
17.865299224853516
17.86440658569336
17.828081130981445
17.905750274658203
17.898649215698242
17.818288803100586
17.770854949951172
17.808992385864258
17.76883316040039
17.824935913085938
17.811826705932617
17.786521911621094
17.782573699951172
17.86514663696289
17.93813133239746
17.808481216430664
17.7398738861084
17.926694869995117
17.87470817565918
17.86940574645996
17.843416213989258
17.753448486328125
17.850767135620117
17.81416893005371
17.862672805786133
17.868833541870117
17.876964569091797
17.900470733642578
17.89390754699707
17.8782958984375
17.84393882751465
17.70897674560547
17.813209533691406
17.793655395507813
17.7983341217041
17.826766967773438
17.7264347076416
17.757320404052734
17.913545608520508
17.807783126831055
17.80153465270996
17.75402069091797
17.806058883666992
17.80167579650879
17.80736541748047
17.735015869140625
17.89311981201172
17.79951286315918
17.827016830444336
17.81751823425293
17.88813018798828
17.962303161621094
17.887815475463867
17.827407836914063
17.85028076171875
17.84185791015625
17.921730041503906
17.90097999572754
17.963211059570313
17.921056747436523
17.87447738647461
17.802043914794922
17.851560592651367
17.790313720703125
17.782421112060547
17.816532135009766
17.84823989868164
17.85162925720215
17.864471435546875
17.877397537231445
17.835498809814453
17.888757705688477
17.909969329833984
17.721553802490234
17.83632469177246
17.784278869628906
17.9281063079834
17.824827194213867
17.860755920410156
17.87327003479004
17.87895965576172
17.902145385742188
17.84239387512207
17.9194393157959
17.89479637145996
17.97220230102539
17.955291748046875
17.838584899902344
17.92427635192871
17.926380157470703
17.919389724731445
17.906253814697266
18.029382705688477
17.933969497680664
17.8990421295166
17.904701232910156
17.88003921508789
17.83930778503418
17.875730514526367
17.856855392456055
17.888418197631836
17.915250778198242
17.846065521240234
17.85944175720215
17.882484436035156
17.846696853637695
17.89516830444336
17.913869857788086
17.92315101623535
17.863080978393555
17.903181076049805
17.886919021606445
17.834165573120117
17.860898971557617
17.83639144897461
17.80448341369629
17.847248077392578
17.868675231933594
17.921804428100586
17.96821403503418
17.90170669555664
17.922849655151367
17.87960433959961
17.833372116088867
17.860828399658203
17.859695434570313
17.928913116455078
17.90135383605957
17.861143112182617
17.864667892456055
17.956689834594727
17.982519149780273
17.98563003540039
17.874889373779297
17.99498748779297
17.865076065063477
17.822675704956055
17.89665412902832
17.914024353027344
17.979694366455078
17.918601989746094
17.8454532623291
17.779823303222656
17.947803497314453
17.8319149017334
17.815567016601563
17.873414993286133
17.904375076293945
17.96702003479004
17.936614990234375
17.985565185546875
17.93889808654785
17.90793228149414
18.00374984741211
17.92156219482422
17.95350456237793
17.976919174194336
17.984481811523438
17.959564208984375
17.87999153137207
17.941686630249023
17.94416046142578
17.896228790283203
18.03150177001953
17.93720054626465
17.920499801635742
17.80112075805664
17.795751571655273
17.93747329711914
17.806907653808594
17.77716636657715
17.772140502929688
17.8302001953125
17.779054641723633
17.86993408203125
17.789981842041016
17.84630584716797
17.83123207092285
17.835613250732422
17.793352127075195
17.8115291595459
17.8185977935791
17.779874801635742
17.781496047973633
17.80516242980957
17.7922420501709
17.881505966186523
17.772979736328125
17.79087257385254
17.837011337280273
17.80923080444336
17.776506423950195
17.728851318359375
17.81926918029785
17.758617401123047
17.784378051757813
17.8034725189209
17.84195327758789
17.753942489624023
17.824459075927734
17.824783325195313
17.93453025817871
17.951236724853516
17.85504150390625
17.792367935180664
17.864032745361328
17.72068977355957
17.84026527404785
17.72878646850586
17.821378707885742
17.752357482910156
17.808317184448242
17.76036262512207
17.805810928344727
17.801593780517578
17.836139678955078
17.778282165527344
17.789979934692383
17.825458526611328
17.822935104370117
17.754043579101563
17.82572364807129
17.852996826171875
17.839275360107422
17.779966354370117
17.854101181030273
17.839584350585938
17.83657455444336
17.82689094543457
17.809988021850586
17.88239288330078
17.80171775817871
17.840892791748047
17.79665756225586
17.900972366333008
17.828907012939453
17.909692764282227
17.895055770874023
17.89365005493164
17.794742584228516
17.751955032348633
17.758895874023438
17.69744110107422
17.780925750732422
17.836313247680664
17.74217414855957
17.817119598388672
17.840499877929688
17.794837951660156
17.9326114654541
17.882854461669922
17.895751953125
17.80115509033203
17.725467681884766
17.779769897460938
17.768362045288086
17.71949577331543
17.74542236328125
17.869115829467773
17.786205291748047
17.735496520996094
17.706241607666016
17.746610641479492
17.69827651977539
17.7374324798584
17.749128341674805
17.781368255615234
17.743806838989258
17.8226375579834
17.79530143737793
17.835256576538086
17.80415916442871
17.911373138427734
17.791349411010742
17.853181838989258
17.780826568603516
17.765413284301758
17.874692916870117
17.834964752197266
17.824445724487305
17.789268493652344
17.999303817749023
17.896207809448242
17.907432556152344
17.956960678100586
18.012523651123047
17.922609329223633
17.951711654663086
17.80143928527832
17.981115341186523
17.86219024658203
17.83238983154297
17.951642990112305
17.974849700927734
17.939550399780273
18.004634857177734
18.056285858154297
17.948598861694336
17.977956771850586
18.02389907836914
18.01400375366211
18.001625061035156
17.94512176513672
17.935047149658203
17.947229385375977
17.861494064331055
17.91869354248047
17.86433982849121
17.925168991088867
17.951627731323242
17.937253952026367
17.901920318603516
17.808202743530273
17.857906341552734
17.842571258544922
17.904409408569336
17.89915657043457
17.77682876586914
17.935901641845703
17.888174057006836
17.749187469482422
17.836872100830078
17.896451950073242
17.86565589904785
17.986560821533203
17.91681671142578
17.826753616333008
17.863327026367188
17.80474853515625
17.775102615356445
17.86699676513672
17.847614288330078
17.77643394470215
17.823406219482422
17.7850341796875
17.807376861572266
17.80772590637207
17.77820587158203
17.874197006225586
17.77669334411621
17.895633697509766
17.86284065246582
17.906694412231445
17.917009353637695
17.84832000732422
17.789196014404297
17.82286262512207
17.79215431213379
17.81761932373047
17.869138717651367
17.8289852142334
17.873403549194336
17.85045623779297
17.884796142578125
17.88350486755371
17.87667465209961
17.870702743530273
17.895641326904297
17.83540153503418
17.824573516845703
17.87744140625
17.818218231201172
17.81276512145996
17.79117774963379
17.830827713012695
17.86778450012207
17.863788604736328
17.881206512451172
17.905824661254883
17.859148025512695
17.86328887939453
17.979087829589844
17.909467697143555
17.852359771728516
17.97160530090332
17.90228271484375
17.91686248779297
17.925174713134766
17.95270347595215
18.01204490661621
18.019689559936523
18.007709503173828
17.959957122802734
18.06153106689453
18.06802749633789
17.96267318725586
17.93080711364746
17.877452850341797
17.901504516601563
17.929269790649414
17.913721084594727
17.976051330566406
17.921144485473633
17.9073486328125
17.928504943847656
17.841161727905273
17.932920455932617
17.98585319519043
17.937232971191406
17.94788360595703
17.97119903564453
17.91424560546875
17.886825561523438
17.881065368652344
17.926311492919922
17.867992401123047
17.841062545776367
17.858060836791992
17.91691017150879
17.893383026123047
17.98886489868164
17.866140365600586
17.816471099853516
17.83372688293457
17.92346954345703
17.90287971496582
17.81191062927246
17.857900619506836
17.948049545288086
18.070261001586914
17.995155334472656
17.979944229125977
18.011865615844727
17.961881637573242
17.958253860473633
17.980327606201172
17.984025955200195
18.01702880859375
17.94249153137207
17.987186431884766
18.02942657470703
17.876550674438477
17.898662567138672
17.994970321655273
17.8541259765625
17.84151840209961
17.853206634521484
17.79618263244629
17.91109275817871
17.812702178955078
17.802200317382813
17.65406036376953
17.760387420654297
17.767192840576172
17.8664493560791
17.767189025878906
17.88387680053711
17.800792694091797
17.883424758911133
17.820934295654297
17.877817153930664
17.802785873413086
17.865854263305664
17.839841842651367
17.804243087768555
17.80919647216797
17.708251953125
17.689088821411133
17.85243034362793
17.84693145751953
17.821439743041992
17.849149703979492
17.77398681640625
17.761873245239258
17.773298263549805
17.904062271118164
17.841270446777344
17.782880783081055
17.776927947998047
17.7523250579834
17.804283142089844
17.82367515563965
17.830429077148438
17.91014289855957
17.925817489624023
17.790624618530273
17.895606994628906
17.89912223815918
17.813343048095703
17.8699893951416
17.825956344604492
17.78861427307129
17.838743209838867
17.773000717163086
17.884933471679688
17.8675479888916
17.898990631103516
17.84393310546875
17.874277114868164
17.895339965820313
17.857553482055664
17.851572036743164
17.79474639892578
17.783716201782227
17.778762817382813
17.694997787475586
17.71358299255371
17.786983489990234
17.660982131958008
17.628562927246094
17.73196029663086
17.67661476135254
17.74163818359375
17.694711685180664
17.78028678894043
17.76198387145996
17.819787979125977
17.732175827026367
17.669260025024414
17.67160415649414
17.655906677246094
17.75811195373535
17.689638137817383
17.686077117919922
17.66614532470703
17.77214241027832
17.71095848083496
17.786640167236328
17.780332565307617
17.785022735595703
17.72661590576172
17.853172302246094
17.89638900756836
17.947153091430664
17.91640281677246
17.87459945678711
17.906200408935547
17.90938377380371
17.885547637939453
17.857755661010742
17.780921936035156
17.75994300842285
17.80240249633789
17.727073669433594
17.744733810424805
17.819005966186523
17.729578018188477
17.953908920288086
17.8970890045166
17.88361930847168
17.782079696655273
17.85916519165039
17.891521453857422
17.849994659423828
17.866483688354492
17.877666473388672
17.836122512817383
17.824317932128906
17.810199737548828
