2.420783281326294
2.451295852661133
2.4356374740600586
2.433637857437134
2.423081159591675
2.441316604614258
2.470635414123535
2.4451241493225098
2.446310520172119
2.439143657684326
2.401536464691162
2.45947265625
2.4383533000946045
2.4550681114196777
2.470449686050415
2.40739107131958
2.4120919704437256
2.407834529876709
2.412360429763794
2.440704107284546
2.433452606201172
2.4312632083892822
2.4808998107910156
2.457759380340576
2.4048359394073486
2.433654308319092
2.442028045654297
2.439542055130005
2.4543378353118896
2.456665277481079
2.4248645305633545
2.383911609649658
2.457104444503784
2.4168107509613037
2.4299228191375732
2.436119556427002
2.390730857849121
2.4593026638031006
2.4349284172058105
2.410188674926758
2.437068462371826
2.4493541717529297
2.4334716796875
2.4317915439605713
2.4042067527770996
2.4319145679473877
2.4365084171295166
2.4106249809265137
2.3799166679382324
2.4336416721343994
2.425055503845215
2.3948328495025635
2.4511849880218506
2.4501285552978516
2.4237775802612305
2.4022698402404785
2.433824062347412
2.385432720184326
2.4414095878601074
2.460872173309326
2.458733081817627
2.443100929260254
2.420609474182129
2.4335076808929443
2.49403977394104
2.43377423286438
2.493774890899658
2.435119390487671
2.5117857456207275
2.475472927093506
2.4623405933380127
2.4570846557617188
2.468540668487549
2.402905225753784
2.47265362739563
2.458266258239746
2.4527463912963867
2.4266154766082764
2.4833860397338867
2.4506070613861084
2.4418540000915527
2.4408042430877686
2.4125845432281494
2.442047357559204
2.435889959335327
2.4062790870666504
2.394157886505127
2.4451894760131836
2.45428204536438
2.4395084381103516
2.4308183193206787
2.4258360862731934
2.478254795074463
2.435351610183716
2.429170846939087
2.4035346508026123
2.4198246002197266
2.4399893283843994
2.479996681213379
2.4280083179473877
2.4791834354400635
2.448718547821045
2.4304637908935547
2.4548559188842773
2.459564208984375
2.4271764755249023
2.51552677154541
2.426525831222534
2.470038890838623
2.5205559730529785
2.3941991329193115
2.4240994453430176
2.4234120845794678
2.438230037689209
2.4147114753723145
2.441371440887451
2.482041358947754
2.467320680618286
2.4093992710113525
2.4594781398773193
2.4205214977264404
2.46768856048584
2.4451894760131836
2.4247467517852783
2.3906898498535156
2.5021443367004395
2.4482650756835938
2.4230494499206543
2.4278995990753174
2.4217529296875
2.436710834503174
2.428739070892334
2.43613600730896
2.4527747631073
2.4510576725006104
2.4368388652801514
2.412623643875122
2.3785972595214844
2.4406795501708984
2.4556467533111572
2.442549467086792
2.4855616092681885
2.4354350566864014
2.408973455429077
2.3816123008728027
2.448211908340454
2.449538469314575
2.4481282234191895
2.4589474201202393
2.4493885040283203
2.448906898498535
2.433806896209717
2.439138412475586
2.41560435295105
2.4481892585754395
2.3899805545806885
2.422542095184326
2.3683459758758545
2.4578945636749268
2.439690589904785
2.445035696029663
2.4456629753112793
2.4683871269226074
2.4478836059570313
2.439868927001953
2.436960220336914
2.45363712310791
2.4725780487060547
2.47029185295105
2.458686113357544
2.436105489730835
2.443927526473999
2.44179105758667
2.454308032989502
2.4375500679016113
2.450813055038452
2.457273006439209
2.418938636779785
2.414196729660034
2.4276394844055176
2.410531997680664
2.484057664871216
2.438318967819214
2.4647653102874756
2.4387004375457764
2.4510538578033447
2.3992953300476074
2.4226365089416504
2.423166275024414
2.4393808841705322
2.403604745864868
2.3882744312286377
2.4511477947235107
2.441352128982544
2.3961286544799805
2.3996753692626953
2.462237596511841
2.4724314212799072
2.4314801692962646
2.428642511367798
2.430248975753784
2.4187135696411133
2.3960795402526855
2.4260315895080566
2.4237232208251953
2.439992666244507
2.4272854328155518
2.4387385845184326
2.4286279678344727
2.4469361305236816
2.436033010482788
2.4415390491485596
2.3791732788085938
2.413421154022217
2.486835479736328
2.4644832611083984
2.4490466117858887
2.4315590858459473
2.4426798820495605
2.4408810138702393
2.491992950439453
2.45774507522583
2.4416182041168213
2.4010374546051025
2.4082844257354736
2.400635242462158
2.3802592754364014
2.4051706790924072
2.476804733276367
2.4316625595092773
2.4655814170837402
2.446805238723755
2.419952154159546
2.4089348316192627
2.4213643074035645
2.4604287147521973
2.4323880672454834
2.402045726776123
2.4630589485168457
2.444042205810547
2.456915855407715
2.3935229778289795
2.418538808822632
2.397243022918701
2.4398505687713623
2.421570062637329
2.492969274520874
2.4401469230651855
2.405794382095337
2.482142686843872
2.391152858734131
2.4182825088500977
2.459552049636841
2.4934990406036377
2.4276835918426514
2.418191909790039
2.440760612487793
2.39372181892395
2.4302215576171875
2.4616668224334717
2.4407927989959717
2.3985416889190674
2.4403412342071533
2.4314608573913574
2.3888986110687256
2.495396852493286
2.419991970062256
2.4607937335968018
2.4126336574554443
2.4462125301361084
2.442469835281372
2.428346633911133
2.41352915763855
2.431346893310547
2.4484803676605225
2.439624786376953
2.4324469566345215
2.4873046875
2.44279408454895
2.389458179473877
2.444894313812256
2.4266233444213867
2.3994381427764893
2.440173387527466
2.4433703422546387
2.3676700592041016
2.4362776279449463
2.4669294357299805
2.453585624694824
2.4611527919769287
2.4430181980133057
2.459223985671997
2.446986198425293
2.4246480464935303
2.415849208831787
2.461766242980957
2.4710278511047363
2.4147491455078125
2.4655098915100098
2.4370107650756836
2.3878140449523926
2.4264447689056396
2.436307191848755
2.437464952468872
2.4592623710632324
2.480727434158325
2.421973466873169
2.473369836807251
2.429506540298462
2.417863130569458
2.4190616607666016
2.441676139831543
2.431431770324707
2.4135687351226807
2.4312191009521484
2.3857555389404297
2.4474732875823975
2.4318177700042725
2.4346566200256348
2.421786069869995
2.478773355484009
2.435973882675171
2.472371816635132
2.453211784362793
2.461505889892578
2.488799571990967
2.4481325149536133
2.4586875438690186
2.4842417240142822
2.4883220195770264
2.4603159427642822
2.449185848236084
2.4482333660125732
2.4446487426757813
2.4449539184570313
2.4590566158294678
2.356585741043091
2.466108798980713
2.3904922008514404
2.385707139968872
2.440978527069092
2.409571647644043
2.4559764862060547
2.4254868030548096
2.398683786392212
2.468379259109497
2.4594056606292725
2.4849042892456055
2.450718879699707
2.4455151557922363
2.452425479888916
2.4168105125427246
2.436983108520508
2.416059732437134
2.4439537525177
2.4339120388031006
2.426562547683716
2.446185827255249
2.3817121982574463
2.4432899951934814
2.414231300354004
2.4583208560943604
2.484828472137451
2.4247353076934814
2.4564049243927
2.4548020362854004
2.4454662799835205
2.44266676902771
2.4545798301696777
2.46006178855896
2.4327874183654785
2.4373435974121094
2.449981927871704
2.4669368267059326
2.3771860599517822
2.4560935497283936
2.4345874786376953
2.4523725509643555
2.3859758377075195
2.4121415615081787
2.450669765472412
2.4063808917999268
2.4663548469543457
2.419142961502075
2.456122398376465
2.4792003631591797
2.4369099140167236
2.4343955516815186
2.4534597396850586
2.4435911178588867
2.42244291305542
2.4332258701324463
2.4575881958007813
2.4207918643951416
2.4610848426818848
2.457038640975952
2.444376230239868
2.439823627471924
2.3800888061523438
2.4297046661376953
2.482390880584717
2.427424430847168
2.414297580718994
2.4571373462677
2.4454991817474365
2.412156343460083
2.404348850250244
2.4037721157073975
2.4216184616088867
2.399873733520508
2.460268020629883
2.427318811416626
2.4883317947387695
2.4260895252227783
2.432945966720581
2.4085757732391357
2.4633405208587646
2.423386335372925
2.4166259765625
2.4066555500030518
2.4459457397460938
2.460132122039795
2.4375643730163574
2.4615607261657715
2.403315782546997
2.460007905960083
2.443516492843628
2.439445972442627
2.4131569862365723
2.4004247188568115
2.4030168056488037
2.461057662963867
2.4754931926727295
2.482394218444824
2.490633249282837
2.4092118740081787
2.4125967025756836
2.4097883701324463
2.4234509468078613
2.4146275520324707
2.4215495586395264
2.4411981105804443
2.4415197372436523
2.436096429824829
2.429425001144409
2.4626715183258057
2.422905445098877
2.439744234085083
2.4468274116516113
2.419041872024536
2.404651165008545
2.444519281387329
2.426482677459717
2.3787198066711426
2.420558452606201
2.4226768016815186
2.475752592086792
2.403843641281128
2.435528039932251
2.409240484237671
2.4347686767578125
2.4715025424957275
2.447859287261963
2.459806442260742
2.4440183639526367
2.448761463165283
2.3672971725463867
2.415583848953247
2.3829615116119385
2.4124670028686523
2.404021978378296
2.4095799922943115
2.437396287918091
2.435549020767212
2.3774662017822266
2.383702039718628
2.4290106296539307
2.446070432662964
2.4048407077789307
2.455479145050049
2.3788328170776367
2.475675582885742
2.4360601902008057
2.468245267868042
2.4142026901245117
2.3656835556030273
2.4758169651031494
2.4270613193511963
2.4462244510650635
2.441152572631836
2.4568471908569336
2.419286012649536
2.467237710952759
2.423826217651367
2.4503021240234375
2.3967862129211426
2.425947427749634
2.502148151397705
2.4173619747161865
2.4216365814208984
2.381190061569214
2.4434969425201416
2.394878625869751
2.458078145980835
2.4313180446624756
2.3997745513916016
2.4246158599853516
2.410221576690674
2.4463186264038086
2.439136028289795
2.415804147720337
2.4147942066192627
2.522197961807251
2.4470608234405518
2.4641377925872803
2.4074409008026123
2.3954713344573975
2.4330124855041504
2.3705503940582275
2.40230393409729
2.404494524002075
2.4832663536071777
2.456334352493286
2.4262595176696777
2.4435300827026367
2.3812572956085205
2.353631019592285
2.4100425243377686
2.4490115642547607
2.4357144832611084
2.4529314041137695
2.4640824794769287
2.4394900798797607
2.440192461013794
2.4314327239990234
2.4374988079071045
2.455944538116455
2.4724864959716797
2.4613678455352783
2.426267623901367
2.448219060897827
2.4191129207611084
2.4552690982818604
2.4507999420166016
2.438627004623413
2.4215593338012695
2.4786770343780518
2.4232544898986816
2.480449676513672
2.432180166244507
2.454561471939087
2.436323881149292
2.410562753677368
2.4471607208251953
2.443453073501587
2.4496641159057617
2.427579402923584
2.377545118331909
2.4241888523101807
2.395287275314331
2.3573756217956543
2.4145383834838867
2.46126389503479
2.4165353775024414
2.500206708908081
2.4305272102355957
2.424663543701172
2.4163577556610107
2.419935464859009
2.4226949214935303
2.428828716278076
2.4345815181732178
2.442621946334839
2.4557785987854004
2.4300014972686768
2.436433792114258
2.4881386756896973
2.4508304595947266
2.437945604324341
2.424746036529541
2.4787979125976563
2.4583828449249268
2.4548914432525635
2.460167407989502
2.4114785194396973
2.4052493572235107
2.446671724319458
2.4482662677764893
2.450382947921753
2.4346835613250732
2.4228179454803467
2.4323859214782715
2.440584182739258
2.4277310371398926
2.4840128421783447
2.470186710357666
2.4835121631622314
2.398174285888672
2.4358134269714355
2.401529550552368
2.4437124729156494
2.4927706718444824
2.4197864532470703
2.391620635986328
2.4747936725616455
2.538233518600464
2.459446668624878
2.4080300331115723
2.419095993041992
2.413546562194824
2.422901153564453
2.4463469982147217
2.491117000579834
2.4471795558929443
2.4575002193450928
2.441438913345337
2.3708784580230713
2.4534835815429688
2.432189464569092
2.4763996601104736
2.456085681915283
2.3773748874664307
2.4534974098205566
2.4189414978027344
2.470076322555542
2.456977367401123
2.4098215103149414
2.4124958515167236
2.4143292903900146
2.464906692504883
2.4423868656158447
2.393419027328491
2.417776107788086
2.4322497844696045
2.447850465774536
2.433847427368164
2.477419137954712
2.418773889541626
2.4249603748321533
2.405641555786133
2.4398865699768066
2.4663498401641846
2.445678472518921
2.442338705062866
2.4822068214416504
2.434703826904297
2.408648729324341
2.4491195678710938
2.4483017921447754
2.451915979385376
2.4659054279327393
2.473224639892578
2.4210917949676514
2.478137254714966
2.44120454788208
2.447402000427246
2.4377779960632324
2.4430549144744873
2.4387171268463135
2.453136444091797
2.456925868988037
2.417421817779541
2.4205894470214844
2.456301212310791
2.3940699100494385
2.4495975971221924
2.417818069458008
2.483837127685547
2.450643301010132
2.4402034282684326
2.4392619132995605
2.4393742084503174
2.417088270187378
2.4344990253448486
2.4632620811462402
2.4001574516296387
2.4035439491271973
2.465895891189575
2.4401018619537354
2.42608904838562
2.4538097381591797
2.428605318069458
2.425368547439575
2.4122262001037598
2.3982815742492676
2.4448935985565186
2.438663959503174
2.4506397247314453
2.432629346847534
2.436728000640869
2.5024266242980957
2.440585136413574
2.452266216278076
2.4268674850463867
2.435114860534668
2.4057304859161377
2.4690914154052734
2.376028537750244
2.4641411304473877
2.4458470344543457
2.4687960147857666
2.4572811126708984
2.4437460899353027
2.355292558670044
2.4648375511169434
2.426521062850952
2.431194305419922
2.37392258644104
2.453850507736206
2.4326915740966797
2.361280918121338
2.4641950130462646
2.4622788429260254
2.4417006969451904
2.475874662399292
2.4522922039031982
2.4260966777801514
2.460848808288574
2.4206252098083496
2.4006359577178955
2.4378249645233154
2.403226375579834
2.4772017002105713
2.4078502655029297
2.424928665161133
2.438983917236328
2.4216039180755615
2.450685501098633
2.4479265213012695
2.47452974319458
2.4521217346191406
2.4348864555358887
2.454200029373169
2.4203953742980957
2.4426074028015137
2.4510231018066406
2.4622833728790283
2.387495994567871
2.431201934814453
2.4340572357177734
2.4285285472869873
2.454007625579834
2.4156336784362793
2.4794740676879883
2.401876926422119
2.404900074005127
2.450817584991455
2.4420506954193115
2.415278673171997
2.483874559402466
2.432016372680664
2.4074623584747314
2.428298234939575
2.4680802822113037
2.4073469638824463
2.417992353439331
2.451448917388916
2.3999836444854736
2.4480700492858887
2.42988657951355
2.459695339202881
2.4304046630859375
2.409137487411499
2.4813590049743652
2.4673783779144287
2.4352669715881348
2.404359817504883
2.377930164337158
2.414318799972534
2.4273502826690674
2.4350013732910156
2.4222655296325684
2.443904161453247
2.4568278789520264
2.469306707382202
2.446282148361206
2.377077102661133
2.4501233100891113
2.4510529041290283
2.4388341903686523
2.433182716369629
2.468517303466797
2.413353681564331
2.4749817848205566
2.434117317199707
2.4000723361968994
2.4520297050476074
2.4116673469543457
2.416175127029419
2.4175097942352295
2.449579954147339
2.427039861679077
2.4333114624023438
2.4471864700317383
2.436187267303467
2.4663450717926025
2.402984142303467
2.4209392070770264
2.4241366386413574
2.4320945739746094
2.479104995727539
2.4535794258117676
2.418229341506958
2.4409992694854736
2.421015977859497
2.4480769634246826
2.437124729156494
2.4416282176971436
2.466322183609009
2.446261405944824
2.444511890411377
2.424098253250122
2.4863431453704834
2.415592670440674
2.4226953983306885
2.443559169769287
2.4418017864227295
2.4513981342315674
2.4409067630767822
2.4611196517944336
2.482996940612793
2.4664835929870605
2.433354377746582
2.418280601501465
2.4156370162963867
2.4245920181274414
2.4469709396362305
2.4098610877990723
2.4038689136505127
2.4436280727386475
2.439985752105713
2.4641873836517334
2.415498971939087
2.463270902633667
2.3705875873565674
2.4102518558502197
2.434638500213623
2.4428486824035645
2.422931671142578
2.451474189758301
2.4286534786224365
2.430215835571289
2.461596727371216
2.4694387912750244
2.44697904586792
2.442648410797119
2.411907196044922
2.45686936378479
2.4567618370056152
2.445605516433716
2.471919536590576
2.4676215648651123
2.4656009674072266
2.474867582321167
2.4148387908935547
2.4197628498077393
2.423182249069214
2.4571666717529297
2.445993185043335
2.4639854431152344
2.4258222579956055
2.4340426921844482
2.4361252784729004
2.4494752883911133
2.424445629119873
2.4379019737243652
2.4556679725646973
2.424074172973633
2.442638635635376
2.43550181388855
2.442587375640869
2.3938119411468506
2.4381020069122314
2.4161949157714844
2.42340350151062
2.468568801879883
2.5133774280548096
2.4510977268218994
2.3964004516601563
2.467437505722046
2.364518880844116
2.3858859539031982
2.4749605655670166
2.440070629119873
2.4130358695983887
2.3751893043518066
2.449453830718994
2.397808790206909
2.435922145843506
2.421144962310791
2.4172306060791016
2.365773916244507
2.4651079177856445
2.460263252258301
2.428009033203125
2.4135231971740723
2.4720382690429688
2.464970827102661
2.4296555519104004
2.402247667312622
2.4758901596069336
2.471996307373047
2.4180173873901367
2.4583163261413574
2.404975175857544
2.475224733352661
2.458397150039673
2.4504995346069336
2.4356610774993896
2.4184629917144775
2.455158233642578
2.3990859985351563
2.4612081050872803
2.3708372116088867
2.452948808670044
2.44821834564209
2.4627151489257813
2.4110770225524902
2.447080373764038
2.443565845489502
2.406216621398926
2.4040119647979736
2.3983962535858154
2.427083730697632
2.408421754837036
2.422048807144165
2.4090287685394287
2.4141838550567627
2.4259767532348633
2.4262397289276123
2.454281806945801
2.419642686843872
2.3803112506866455
2.4513657093048096
2.4610977172851563
2.4602959156036377
2.4739129543304443
2.456648111343384
2.3699424266815186
2.4270238876342773
2.439099073410034
2.405380964279175
2.467632293701172
2.4457948207855225
2.4321606159210205
2.4016237258911133
2.417515754699707
2.420874834060669
2.391514301300049
2.4090354442596436
2.436312675476074
2.4465205669403076
2.4073326587677
2.4120867252349854
2.481461763381958
2.424778938293457
2.417644739151001
2.4622323513031006
2.436959981918335
2.4739952087402344
2.3897249698638916
2.491581439971924
2.4148108959198
2.440065622329712
2.4786646366119385
2.4675161838531494
2.455965280532837
2.448667287826538
2.4478230476379395
2.4091880321502686
2.4190597534179688
2.4249823093414307
2.428166151046753
2.4098024368286133
2.4041686058044434
2.3755180835723877
2.4567222595214844
2.483743190765381
2.4581797122955322
2.45827054977417
2.4672160148620605
2.4373393058776855
2.4137747287750244
2.4458324909210205
2.466294765472412
2.4595227241516113
2.403310537338257
2.4284350872039795
2.4458789825439453
2.430762529373169
2.46140718460083
2.450774669647217
2.425801992416382
2.4363133907318115
2.3915164470672607
2.4408116340637207
2.428927183151245
2.4888386726379395
2.434729814529419
2.386319637298584
2.4329094886779785
2.4025914669036865
2.4636411666870117
2.4280035495758057
2.4186618328094482
2.4344890117645264
2.446681261062622
2.416231632232666
2.4260447025299072
2.4442710876464844
2.435732364654541
2.418704032897949
2.4690604209899902
2.4356846809387207
2.4897830486297607
2.520808696746826
2.443819046020508
2.4091756343841553
2.4459877014160156
2.4243035316467285
2.4130702018737793
2.4265530109405518
2.4257705211639404
2.452134847640991
2.464763641357422
2.452646255493164
2.4231343269348145
2.4237396717071533
2.4803872108459473
2.4300432205200195
2.443401336669922
2.4192802906036377
2.441793203353882
2.424018144607544
2.411499500274658
2.4774129390716553
2.429212808609009
2.450462818145752
2.440040111541748
2.4405131340026855
2.4818472862243652
2.4294235706329346
2.4428036212921143
2.464897394180298
2.3927009105682373
2.3790156841278076
2.4085516929626465
2.429340362548828
2.4223411083221436
2.4337222576141357
2.401172161102295
2.4450972080230713
2.4514880180358887
2.3965466022491455
2.416323661804199
2.376936435699463
2.4379796981811523
2.455753803253174
2.44101881980896
2.4462060928344727
2.3969030380249023
2.4448835849761963
2.451197385787964
2.471607208251953
2.420663595199585
2.408001184463501
2.40065336227417
2.462387800216675
2.4338109493255615
2.4683637619018555
2.4445619583129883
2.4554595947265625
2.4301228523254395
2.406226396560669
2.466212272644043
2.422614097595215
2.472836971282959
2.444298267364502
2.4217288494110107
2.446810007095337
2.429961919784546
2.4508745670318604
2.4761953353881836
2.421027183532715
2.442624092102051
2.4324443340301514
2.4118685722351074
2.4294240474700928
2.3764302730560303
2.445185661315918
2.4289305210113525
2.4341347217559814
2.4315249919891357
2.4460325241088867
2.487546920776367
2.407900094985962
2.437699317932129
2.472336769104004
2.447296619415283
2.466937780380249
2.4575932025909424
2.4611167907714844
2.450709819793701
2.4434030055999756
2.4659438133239746
2.440215826034546
2.4893441200256348
2.4604287147521973
2.449003219604492
2.4790396690368652
2.454820156097412
2.422358274459839
2.3905818462371826
2.465101718902588
2.4317872524261475
2.388343572616577
2.437244176864624
2.4607577323913574
2.4444644451141357
2.438246726989746
2.4432685375213623
2.4406495094299316
2.4232163429260254
2.4469406604766846
2.399916410446167
2.3009846210479736
2.37772274017334
2.4214961528778076
2.4230916500091553
2.461975574493408
2.451275587081909
2.418393850326538
2.4010732173919678
2.4255940914154053
2.4338462352752686
2.3767497539520264
2.4200401306152344
2.4811646938323975
2.4581356048583984
2.471785306930542
2.424985885620117
2.4565162658691406
2.4078667163848877
2.4323983192443848
2.4232864379882813
2.4542932510375977
2.437983274459839
2.4472999572753906
2.4177157878875732
2.4793457984924316
2.4682042598724365
2.44685697555542
2.441608190536499
2.433464527130127
2.442384719848633
2.4216079711914063
2.4424033164978027
2.4383022785186768
2.455387592315674
2.3947532176971436
2.4760241508483887
2.3803627490997314
2.407580614089966
2.4463412761688232
2.4570062160491943
2.420740842819214
2.4338364601135254
2.4182918071746826
2.478790283203125
2.4806787967681885
2.467510938644409
2.4804651737213135
2.453197479248047
2.48740291595459
2.4641544818878174
2.4199676513671875
2.494107723236084
2.4262404441833496
2.423889398574829
2.4631919860839844
2.4274847507476807
2.4004101753234863
2.4637203216552734
2.486901044845581
2.418687343597412
2.434267997741699
2.4141180515289307
2.38618803024292
2.371384382247925
2.4134650230407715
2.4399349689483643
2.4106481075286865
2.4030935764312744
2.4422788619995117
2.4326913356781006
2.433414936065674
2.4433140754699707
2.463153600692749
2.4535486698150635
2.4375736713409424
2.4489879608154297
2.4229319095611572
2.4440672397613525
2.45599627494812
2.4390382766723633
2.4283230304718018
2.416219472885132
2.4583899974823
2.464657783508301
2.4428014755249023
2.416269302368164
2.436800479888916
2.448101758956909
2.4547319412231445
2.4602956771850586
2.4082891941070557
2.404832363128662
2.3915016651153564
2.433673620223999
2.4741287231445313
2.454315423965454
2.45674991607666
2.399115800857544
2.432152032852173
2.390519618988037
2.407515525817871
2.4025473594665527
2.4361298084259033
2.4632856845855713
2.4615256786346436
2.4597718715667725
2.44584321975708
2.4071452617645264
2.451733350753784
2.455188274383545
2.440218448638916
2.4225759506225586
2.417966604232788
2.4174556732177734
2.429375171661377
2.4292914867401123
2.4364519119262695
2.435439348220825
2.4028730392456055
2.430018424987793
2.445685625076294
2.394883155822754
2.4261105060577393
2.4061238765716553
2.419121742248535
