1	1.89232409
2	2.127594233
3	2.256712437
4	2.68110466
5	2.993121386
6	2.785187244
7	2.71715498
8	2.842166901
9	2.798224211
10	2.690547943
11	3.008401155
12	3.007157087
13	2.893847227
14	2.901143789
15	3.194091797
16	2.981557846
17	3.168165445
18	3.059383154
19	3.163960934
20	2.89302206
21	2.917724848
22	2.868127584
23	2.955247641
24	2.934544325
25	2.783048868
26	3.133114815
27	2.832941771
28	2.811720133
29	2.797623396
30	2.868397236
31	2.977093697
32	3.035987139
33	3.090108633
34	3.194770098
35	3.160670996
36	3.284465075
37	3.143829584
38	3.170069456
39	3.127351761
40	3.375349283
41	3.120726824
42	2.986586809
43	3.09403491
44	3.130188465
45	3.206860781
46	3.27267909
47	3.209511995
48	3.128756285
49	2.943031549
50	3.088570833
51	3.163539171
52	3.147881269
53	2.918987989
54	3.254858732
55	3.312472105
56	3.282798529
57	3.4664855
58	3.25689888
59	3.277312279
60	3.517694712
61	3.425352335
62	3.333916187
63	3.312822342
64	3.43022871
65	3.476559877
66	3.391063929
67	3.410763025
68	3.272292376
69	3.224820614
70	3.349656105
71	3.226805449
72	3.222299814
73	3.146070957
74	3.346154928
75	3.212845802
76	3.234847069
77	3.183190107
78	3.305844069
79	3.096196651
80	3.25723505
81	3.151520014
82	3.234392643
83	3.192412376
84	3.296201468
85	3.246747017
86	3.408819914
87	3.268772125
88	3.262211561
89	3.220708132
90	3.064704418
91	3.240758419
92	3.348317862
93	3.40355587
94	3.58611083
95	3.554229975
96	3.741681576
97	3.403756618
98	3.462113619
99	3.595435143
100	3.577201843
101	3.540517092
102	3.485821962
103	3.522707224
104	3.240959167
105	3.235316515
106	3.353776932
107	3.478202581
108	3.550929785
109	3.598897696
110	3.736198664
111	3.730438232
112	3.633347034
113	3.418747663
114	3.55782032
115	3.614868164
116	3.601490736
117	3.642468452
118	3.622497082
119	3.735398293
120	3.721017599
121	3.82481575
122	3.969724894
123	4.007821083
124	4.05196619
125	4.053460598
126	4.139968872
127	4.184478283
128	4.336715698
129	4.015941143
130	4.059659958
131	3.940840006
132	3.622668743
133	3.49256587
134	3.800301075
135	3.693370342
136	3.850709438
137	3.62237215
138	3.925773621
139	3.717554569
140	3.683668852
141	3.885414839
142	3.79429388
143	4.104124546
144	3.82344985
145	3.902084827
146	3.858853579
147	3.749419928
148	3.939404488
149	4.036309719
150	4.109373569
151	4.08632803
152	4.053577423
153	3.935654402
154	4.081419945
155	4.091649055
156	3.9798069
157	4.043361187
158	3.976228237
159	3.800307035
160	4.082616329
161	4.070662975
162	3.994185448
163	4.242908955
164	4.086972237
165	4.028802872
166	3.932659864
167	3.866561651
168	3.926640272
169	3.940290451
170	4.016077995
171	3.913565874
172	3.730625153
173	3.954606295
174	3.76962781
175	3.889879704
176	3.919579268
177	3.86446023
178	3.895700693
179	3.852255583
180	3.837073088
181	3.764525414
182	3.698572636
183	3.639663458
184	3.717113018
185	3.797782898
186	3.704122543
187	3.594839811
188	3.574990511
189	3.547323942
190	3.752980471
191	3.642773628
192	3.846115351
193	3.556087255
194	3.663033009
195	3.815523148
196	3.733274221
197	3.610403776
198	3.70004034
199	3.741355658
200	3.722104788
201	3.883555412
202	3.855388165
203	3.39576602
204	3.543024302
205	3.829336166
206	3.789253712
207	3.782017946
208	3.589057684
209	3.633119345
210	3.46017766
211	3.689883947
212	3.746222019
213	3.784337759
214	3.937814474
215	3.856229305
216	3.760109425
217	3.898721457
218	3.730646849
219	3.730365276
220	3.832408905
221	4.012289524
222	3.879003763
223	3.975109816
224	3.867388725
225	3.877200603
226	3.937809706
227	3.742955923
228	3.839072227
229	4.002437592
230	4.017128944
231	3.932172298
232	3.728176117
233	3.757861376
234	3.804333448
235	3.845771074
236	3.794433594
237	3.825826406
238	3.989762068
239	3.993725538
240	3.828784227
241	3.82618928
242	3.922926903
243	3.977063894
244	4.093288422
245	4.106296062
246	4.041940689
247	4.065355778
248	4.006228447
249	4.078229904
250	4.054828167
251	4.204310417
252	4.212942123
253	3.93774271
254	3.973908424
255	3.955528736
256	4.204901695
257	4.047091484
258	3.992829323
259	4.059034348
260	3.888540745
261	4.115725994
262	4.001286983
263	3.917866945
264	3.951179266
265	3.945328951
266	3.983608723
267	3.949805975
268	4.034831524
269	3.880979776
270	3.798087358
271	3.859863758
272	3.837875128
273	3.800455809
274	3.797695875
275	3.879422903
276	3.846124411
277	3.973037243
278	3.9655056
279	3.943967819
280	3.890313387
281	4.046731472
282	3.960727453
283	3.96656394
284	4.060100555
285	4.000725269
286	3.979560852
287	4.039373875
288	4.066581726
289	4.008815289
290	4.011367321
291	3.837041378
292	3.776161432
293	3.839639425
294	3.754250765
295	3.782814026
296	3.711747885
297	3.82470417
298	3.781744957
299	3.894637585
300	3.794565678
301	3.849483252
302	4.068332672
303	3.648862362
304	3.876450539
305	4.015316486
306	4.147393227
307	3.971638441
308	3.967912197
309	3.950482607
310	3.834808111
311	3.835309982
312	3.871041059
313	3.859068155
314	3.993223667
315	4.129763603
316	3.829272032
317	3.814582586
318	4.042473316
319	3.938254833
320	3.974864006
321	3.968963861
322	3.918127537
323	3.995467186
324	4.053452969
325	3.87935853
326	4.077936172
327	4.08438921
328	4.098646164
329	4.054265499
330	3.965667725
331	3.851379395
332	3.857387781
333	4.070239544
334	3.90807724
335	3.956142187
336	4.021914482
337	3.91587615
338	3.857074022
339	3.946565151
340	4.014103413
341	4.055585384
342	3.813733816
343	3.952407837
344	3.69400692
345	3.762980223
346	3.839164019
347	3.772156954
348	3.947800636
349	3.894128799
350	3.888662577
351	3.781242132
352	3.86143589
353	3.74637413
354	3.750288725
355	3.833433151
356	3.911470652
357	3.805956841
358	3.669936657
359	3.823173285
360	3.888378143
361	3.951478481
362	3.908360243
363	3.911512136
364	3.77875638
365	3.850867987
366	3.764863253
367	3.66570878
368	3.65607667
369	3.607506752
370	3.557035446
371	3.570719004
372	3.644401073
373	3.756934643
374	3.809410572
375	3.865489244
376	3.811451435
377	3.760386467
378	3.824455738
379	3.901582956
380	3.933984756
381	3.939284325
382	3.819847822
383	3.790207148
384	3.7919631
385	3.852680922
386	3.836085081
387	3.771658897
388	3.726285219
389	3.736689329
390	3.746403694
391	3.849865437
392	3.780943394
393	3.708362341
394	3.70852232
395	3.848489046
396	3.769659519
397	3.780250072
398	3.79633832
399	3.851866722
400	3.809681654
401	3.961075544
402	3.873962402
403	3.884729862
404	3.846053123
405	3.76058054
406	3.765618801
407	3.728215694
408	3.75477457
409	3.945123911
410	3.790263891
411	3.75526762
412	3.918118238
413	3.790269375
414	3.785299301
415	3.789870262
416	3.792464495
417	3.79417181
418	3.845293283
419	3.76365757
420	3.829800129
421	3.676296473
422	3.784996986
423	3.859117985
424	3.800778627
425	3.641371727
426	3.62202549
427	3.796849251
428	3.779434919
429	3.845282555
430	3.709808588
431	3.892864227
432	3.729200602
433	3.841308355
434	3.708742619
435	3.736028671
436	3.810255527
437	3.768174648
438	3.64688158
439	3.816547871
440	3.899165869
441	3.751049995
442	3.856711864
443	3.826507568
444	3.770682812
445	3.902356148
446	3.960453033
447	3.931022167
448	3.855792999
449	3.910656214
450	3.886055946
451	3.800065279
452	3.961781502
453	3.933404684
454	3.973293543
455	3.706216097
456	3.67471981
457	3.726865768
458	3.733908892
459	3.815816164
460	3.817386866
461	3.961212397
462	3.878765821
463	3.79685688
464	3.904672861
465	3.69400239
466	3.760024309
467	3.801282167
468	3.885786533
469	4.115955353
470	3.930606604
471	3.940154552
472	3.952205658
473	3.884824038
474	3.871468067
475	3.86370945
476	3.910700083
477	3.89017725
478	3.967163801
479	3.936340809
480	4.004050255
481	3.984120369
482	4.030879498
483	3.972037792
484	3.928420544
485	3.842014074
486	3.880199432
487	3.972467184
488	4.015696526
489	3.94691968
490	3.908827066
491	3.969851255
492	3.818603992
493	3.687102556
494	3.693991661
495	3.978070974
496	3.745549679
497	3.87086606
498	3.921726465
499	4.06548357
500	3.836962461
501	4.084583282
502	4.045167923
503	4.041646957
504	3.961197376
505	3.884510517
506	3.823058128
507	3.96006608
508	3.822092295
509	3.88982296
510	3.684292793
511	3.653841972
512	3.992092133
513	3.949218273
514	4.025992393
515	3.855776072
516	3.855292559
517	3.852639914
518	3.912419319
519	3.821647406
520	3.845997095
521	4.012326717
522	3.907534599
523	3.964956284
524	3.778980732
525	3.866746187
526	4.003729343
527	3.953407764
528	4.00373745
529	3.814446926
530	3.83403039
531	3.857832193
532	3.802294254
533	3.897949934
534	3.886644602
535	3.827522039
536	4.022068501
537	3.905704021
538	3.840663671
539	4.001586914
540	3.876131773
541	3.775377035
542	3.842746496
543	3.908874989
544	3.752649784
545	3.920509577
546	3.715183735
547	3.720415115
548	3.861331224
549	3.899023533
550	4.120459557
551	4.128177166
552	4.126393318
553	3.848231792
554	4.055977345
555	4.025325775
556	4.015573025
557	3.978453398
558	3.996106863
559	4.031432629
560	4.074110508
561	3.974543095
562	4.055908203
563	4.004503727
564	4.09677124
565	4.082884789
566	4.11737442
567	4.018087387
568	4.080976009
569	4.012839317
570	3.986002445
571	3.940440893
572	3.88174057
573	3.941854715
574	4.180009842
575	4.312401772
576	4.039952278
577	4.090080261
578	4.322035313
579	4.360575676
580	4.101650715
581	3.94030714
582	4.121434212
583	4.1979599
584	4.049656391
585	4.068236351
586	3.905198812
587	4.206371307
588	4.206877232
589	4.113781452
590	4.161791325
591	4.237728596
592	4.131165981
593	4.183864594
594	4.299784184
595	4.284635067
596	4.212096214
597	4.199789047
598	4.189190388
599	4.16221571
600	4.245346069
601	4.039159775
602	4.297263622
603	4.30351305
604	4.251891136
605	4.211733341
606	4.152432442
607	4.224474907
608	4.255756855
609	4.370166302
610	4.088992596
611	4.148051739
612	4.020970821
613	3.906608105
614	4.037191391
615	4.000915051
616	3.97608304
617	3.993476391
618	3.906804562
619	3.977966785
620	3.874732018
621	3.919008493
622	4.090472698
623	4.156809807
624	4.162561893
625	3.938163996
626	4.161064148
627	4.020487309
628	4.135389328
629	3.965581417
630	3.905296564
631	4.136153698
632	3.946151733
633	3.960143805
634	3.956413746
635	3.965780258
636	3.969908953
637	4.060354233
638	4.17397356
639	4.109029293
640	4.046622753
641	4.097218037
642	3.989151239
643	4.082314491
644	4.158575058
645	4.228430271
646	4.073751926
647	4.196662426
648	4.053433895
649	4.068652153
650	4.189438343
651	4.315617085
652	4.31581068
653	4.336675167
654	4.26420784
655	4.263267994
656	4.301786423
657	4.256528378
658	4.295481205
659	4.397212505
660	4.476309299
661	4.380884647
662	4.470786572
663	4.441005707
664	4.321405411
665	4.288108826
666	4.411800861
667	4.276977539
668	4.266736984
669	4.390267372
670	4.278933048
671	4.165656567
672	4.329375267
673	4.271938324
674	4.310121536
675	4.394436359
676	4.343979836
677	4.417397976
678	4.431376457
679	4.256400108
680	4.291004658
681	4.447782993
682	4.412939072
683	4.322106361
684	4.264260292
685	4.08462286
686	4.335329056
687	4.290965557
688	4.243006706
689	4.291124821
690	4.142327309
691	4.235647678
692	4.238415718
693	4.283594608
694	4.194858074
695	4.153410435
696	4.245234489
697	4.120863438
698	4.086009026
699	4.210822105
700	4.117238522
701	4.269330025
702	4.172141075
703	4.106276512
704	4.084078789
705	4.121030807
706	4.018730164
707	4.009692669
708	3.957437754
709	3.991746664
710	4.069223404
711	3.853212357
712	3.959242344
713	4.019245625
714	4.021494865
715	4.254742146
716	4.151159286
717	4.138473511
718	4.162997246
719	4.118531227
720	4.217865467
721	4.14060688
722	4.143223763
723	4.248766422
724	4.27136898
725	4.15180397
726	4.235443592
727	4.393484116
728	4.08056879
729	4.118166447
730	4.173365593
731	4.350861073
732	4.195386887
733	4.32750082
734	4.33570385
735	4.499178886
736	4.572533131
737	4.359573364
738	4.524740219
739	4.621235371
740	4.627401352
741	4.280628681
742	4.316771507
743	4.427600861
744	4.397561073
745	4.384307861
746	4.276748657
747	4.5268507
748	4.358975887
749	4.286925316
750	4.358435154
751	4.491330624
752	4.421217918
753	4.253826618
754	4.087244987
755	4.120141506
756	3.963517666
757	4.127732277
758	4.04013443
759	4.056148052
760	3.957376242
761	4.038208485
762	3.878881216
763	3.940774679
764	3.943090916
765	3.983568192
766	4.012392044
767	4.203159332
768	4.04266119
769	3.903386116
770	4.128060341
771	4.125871181
772	4.085631847
773	4.064801216
774	3.949748755
775	3.866688013
776	3.996531725
777	4.032767773
778	4.00649929
779	3.942737341
780	4.187686443
781	4.079105377
782	3.986998558
783	4.148979664
784	4.146049976
785	4.183571339
786	4.192306519
787	4.262521744
788	4.037881851
789	4.095031261
790	4.174448967
791	4.158062935
792	4.158183575
793	4.126543522
794	3.947383404
795	3.931764603
796	4.159443378
797	4.110328197
798	4.160749912
799	4.091296673
800	3.951529503
801	3.958144426
802	4.033017635
803	3.923910856
804	3.936761379
805	4.043314457
806	4.015768528
807	4.189230919
808	4.139166832
809	4.066317558
810	4.06536293
811	4.055128098
812	3.96497345
813	3.964315176
814	4.163053036
815	3.957702398
816	3.955761433
817	3.806796074
818	3.75315094
819	3.855045795
820	4.050314903
821	3.847943783
822	3.851935863
823	3.871143341
824	3.930280924
825	4.063323021
826	3.928373337
827	4.088206768
828	4.087846279
829	4.057688236
830	4.114255905
831	4.092129707
832	4.041117191
833	4.036471844
834	4.081198692
835	4.252532959
836	4.11508894
837	4.238893032
838	4.143336773
839	3.91846776
840	3.926261663
841	3.902346849
842	3.930599451
843	3.958189726
844	4.019618034
845	4.234008312
846	4.244897366
847	4.336126328
848	4.058777809
849	4.16199398
850	4.19671154
851	4.200834751
852	4.183007717
853	4.229528427
854	4.185984135
855	4.136720181
856	4.38621521
857	4.309071064
858	4.316771984
859	4.095573425
860	4.232477665
861	4.228377819
862	4.142642498
863	4.02276516
864	4.305597782
865	4.109209538
866	4.154615402
867	4.238275528
868	4.049048901
869	4.346680641
870	4.166693687
871	4.276002407
872	4.196269512
873	4.376531601
874	4.211763859
875	4.292767048
876	4.235649586
877	4.331548691
878	4.202931881
879	4.376737595
880	4.230270386
881	4.387067795
882	4.192759514
883	4.363562107
884	4.237203121
885	4.171396255
886	4.016820431
887	4.112390995
888	4.325347424
889	4.368678093
890	4.303414345
891	4.183925629
892	4.109061718
893	4.007727146
894	4.068356037
895	3.99142766
896	3.895596743
897	4.015564919
898	4.105057716
899	3.956185818
900	4.085573673
901	4.28937912
902	4.223346233
903	4.288252354
904	4.215995312
905	4.329576492
906	4.13616848
907	4.048891068
908	4.059936523
909	3.965662479
910	4.130809307
911	4.019613743
912	4.015987873
913	3.989138365
914	4.049456596
915	3.990670204
916	3.993866444
917	4.054344654
918	4.04057169
919	3.910829306
920	3.98511982
921	3.901789665
922	3.989436388
923	3.916770697
924	3.820579767
925	3.749847412
926	3.737805605
927	3.865373373
928	3.980970383
929	3.899082899
930	3.933840275
931	3.986021757
932	4.007640362
933	4.087189198
934	3.969363213
935	4.18988657
936	4.055029869
937	4.118484974
938	4.082694054
939	4.062343597
940	4.057120323
941	3.809529066
942	4.046875954
943	3.81926918
944	3.857286453
945	3.938968897
946	3.959102869
947	3.895487785
948	3.966483831
949	3.887059927
950	4.083079338
951	3.93091011
952	3.950656652
953	3.924947262
954	3.971284866
955	3.888451099
956	3.991210699
957	3.901370525
958	3.894536734
959	3.990097761
960	3.935985804
961	3.946630001
962	4.043857098
963	4.082454205
964	4.006989956
965	4.102761269
966	3.989954948
967	3.946207762
968	4.124287605
969	4.040140629
970	4.033431053
971	3.853925228
972	3.833431482
973	4.216184139
974	4.080935001
975	4.082392693
976	4.05268383
977	3.874438286
978	3.873636007
979	3.982536554
980	3.959001064
981	3.911743402
982	4.182989597
983	3.921977282
984	3.915493488
985	3.858316183
986	3.924608946
987	4.071405411
988	3.880974293
989	3.864741087
990	3.887841225
991	4.072639465
992	3.930197954
993	3.853703022
994	3.995245934
995	4.029792309
996	3.859850883
997	3.9072299
998	4.054864407
999	4.294822216
1000	4.234302521
1001	4.141747952
1002	4.216780186
1003	4.176770687
1004	4.408293247
1005	4.416831017
1006	4.367172241
1007	4.209408283
1008	4.325190067
1009	4.397482872
1010	4.41233778
1011	4.318020344
1012	4.349699974
1013	4.318262577
1014	4.150293827
1015	4.211008549
1016	4.185536385
1017	4.279055595
1018	4.091022968
1019	4.457914352
1020	4.21607399
1021	4.22137785
1022	4.307495117
1023	4.270035744
1024	4.313095093
1025	4.34217453
1026	4.221820354
1027	4.322523594
1028	4.156565189
1029	4.162662506
1030	4.226379395
1031	4.225569248
1032	4.233417988
1033	4.011150837
1034	4.248233318
1035	4.299613953
1036	4.218825817
1037	4.221545696
1038	4.025494099
1039	4.171551228
1040	4.025947571
1041	4.130526066
1042	4.078057766
1043	4.122722149
1044	4.1403265
1045	4.085741043
1046	4.117030621
1047	4.146939278
1048	4.214707851
1049	4.088503838
1050	4.416004181
1051	4.192640781
1052	4.21283865
1053	4.254786968
1054	4.130239487
1055	4.293210983
1056	4.222489834
1057	4.067078114
1058	4.249278545
1059	4.277897358
1060	4.197905064
1061	4.300470352
1062	4.2070961
1063	4.211590767
1064	4.053535938
1065	4.094901562
1066	4.281895161
1067	4.211839199
1068	4.240835667
1069	4.145246506
1070	3.954841614
1071	3.8549366
1072	4.082905293
1073	3.828469992
1074	3.903666496
1075	3.830762148
1076	3.739949703
1077	3.841778278
1078	3.888790607
1079	3.711986542
1080	3.944646358
1081	4.016908169
1082	3.89611125
1083	4.065965176
1084	3.996625662
1085	4.045713425
1086	3.964923859
1087	3.995208502
1088	3.936098814
1089	3.96210742
1090	3.88042593
1091	4.047097206
1092	3.968574762
1093	4.116373539
1094	4.110823154
1095	4.17137146
1096	4.303358078
1097	4.070744991
1098	4.059820175
1099	3.852335691
1100	4.102612495
1101	4.004707813
1102	3.892558575
1103	4.05079937
1104	3.938890696
1105	3.986086845
1106	3.922544003
1107	4.007660866
1108	3.785762072
1109	3.943966627
1110	3.982678413
1111	3.943106174
1112	3.771378994
1113	3.888953924
1114	3.852208614
1115	3.896501064
1116	3.975954771
1117	3.980561495
1118	3.871894836
1119	3.698078156
1120	3.726421595
1121	3.823115826
1122	3.798863649
1123	3.732784033
1124	3.701649904
1125	3.817293167
1126	3.622243404
1127	3.871412277
1128	3.931973219
1129	3.944868803
1130	4.116823196
1131	3.997910261
1132	3.85306716
1133	4.000906467
1134	4.060516357
1135	3.966529131
1136	3.949197531
1137	4.13734436
1138	3.955926657
1139	3.817660332
1140	3.785676479
1141	3.87833643
1142	3.938072443
1143	3.865706921
1144	3.926057577
1145	3.74294138
1146	3.765273809
1147	3.843324423
1148	3.870621443
1149	3.864217758
1150	3.934469223
1151	4.020400524
1152	3.794124603
1153	4.10454607
1154	4.074473858
1155	4.26187706
1156	4.104611874
1157	3.932732105
1158	3.891597271
1159	4.145199776
1160	3.985914946
1161	4.054554462
1162	4.099904537
1163	4.102107048
1164	4.220315933
1165	4.274703503
1166	4.322179794
1167	4.192094803
1168	4.012496948
1169	4.198379517
1170	4.128002167
1171	4.294914246
1172	4.216946602
1173	4.258379936
1174	4.21894455
1175	4.47400713
1176	4.228735924
1177	4.327453613
1178	4.262245178
1179	4.340540886
1180	4.290777683
1181	4.341703415
1182	4.087213993
1183	4.216778278
1184	4.019855976
1185	4.110591412
1186	4.16542244
1187	4.054081917
1188	3.956434488
1189	4.094887733
1190	4.057664871
1191	3.92696023
1192	3.97704196
1193	3.920576811
1194	3.948807955
1195	3.986091852
1196	4.187115192
1197	4.199554443
1198	4.234947681
1199	4.114448547
1200	4.014796257
1201	4.140550613
1202	4.08681345
1203	3.986458063
1204	3.934131384
1205	4.103696346
1206	4.079707623
1207	3.989933968
1208	3.962714434
1209	3.85491395
1210	3.828094244
1211	3.841050148
1212	3.919667244
1213	3.848501205
1214	3.653687716
1215	3.846380949
1216	3.916558266
1217	4.063170433
1218	4.179224491
1219	3.952715158
1220	3.912047863
1221	3.963112593
1222	4.083608627
1223	4.215924263
1224	4.063348293
1225	4.135054588
1226	4.109645367
1227	3.980744362
1228	4.045540333
1229	4.159993649
1230	4.22288847
1231	4.296209812
1232	4.129961491
1233	4.188804626
1234	4.291429043
1235	4.242133141
1236	4.106097221
1237	4.245984554
1238	4.287747383
1239	4.380648136
1240	4.395514965
1241	4.1653018
1242	4.107666969
1243	4.044601917
1244	4.062148571
1245	4.167177677
1246	4.097003937
1247	4.197388649
1248	3.996596813
1249	4.026082993
