Frames	sa_pro	sa_A	sa_C	sa_buried
0	12381.73047	12374.83203	344.6400146	337.7415771
1	12899.31934	12794.39258	357.5271301	252.6003723
2	12910.10742	12848.04883	341.3946533	279.3360596
3	12708.27734	12626.97461	341.0437622	259.7410278
4	12975.62305	12969.49414	338.3857117	332.2568054
5	13013.53027	13008.62305	333.4924316	328.5852051
6	13023.91113	13003.58887	348.2327576	327.9104919
7	13158.19824	13107.94043	344.4407959	294.1829834
8	12745.70313	12747.7627	336.7104187	338.769989
9	12939.32129	12881.21875	329.4397278	271.3371887
10	13243.9043	13254.78418	342.9327393	353.8126221
11	13115.74805	13117.61328	347.0578003	348.9230347
12	12908.05762	12943.00195	354.6843567	389.6286926
13	13085.66602	13096.7373	349.3808594	360.4521484
14	12940.56641	12948.47461	346.7763672	354.6845703
15	13155.14746	13198.31543	350.4258423	393.593811
16	13051.57227	13029.75293	347.7067261	325.8873901
17	13002.45605	13027.73828	337.8521423	363.1343689
18	12932.41992	12957.05469	339.6554565	364.2902222
19	12930.96094	12941.81543	349.4014587	360.2559509
20	12830.07617	12852.19336	346.0555115	368.172699
21	13036.70508	13015.46582	345.7685547	324.5292969
22	12726.63867	12707.87598	354.5787659	335.8160706
23	12850.26367	12855.21191	346.6953735	351.6436157
24	12778.33789	12797.80371	341.668335	361.1341553
25	12829.33984	12843.21973	354.8492126	368.7290955
26	12939.73633	12952.62207	346.5322876	359.4180298
27	12842.62402	12880.12305	353.6860046	391.1850281
28	12970.09766	13002.67188	350.0591431	382.6333618
29	12737.38867	12747.12598	350.82724	360.5645447
30	12794.95313	12800.57422	342.7646484	348.3857422
31	12766.9248	12803.00488	348.0563049	384.1363831
32	12926.6377	12935.30078	341.4546814	350.1177673
33	13024.7666	13062.80176	343.8920593	381.9272156
34	12715.54004	12663.125	340.4498901	288.0348511
35	12706.72852	12672.14648	343.5	308.9179688
36	12981.18164	12962.36816	346.1344299	327.3209534
37	12937.5459	12919.95996	336.2786255	318.692688
38	13109.46191	13026.80371	351.6148987	268.9566956
39	12963.98633	12953.18164	331.665741	320.8610535
40	13032.56152	12987.75781	331.3050537	286.5013428
41	12965.60547	12917.56348	330.2434998	282.2015076
42	13120.17285	13046.99707	332.9085693	259.7327881
43	12912.47656	12860.58789	334.4436951	282.5550232
44	12943.67871	12974.85938	340.1294556	371.3101196
45	12910.06152	12912.46387	331.1899719	333.5923157
46	13099.56348	13099.29297	338.888855	338.6183472
47	13115.00293	13073.64941	344.2891541	302.9356384
48	13031.08398	12989.74414	345.4613953	304.1215515
49	13044.24121	13043.59961	347.4448242	346.8032227
50	12950.91211	12984.24023	347.686615	381.01474
51	13246.59277	13231.70605	346.9324341	332.0457153
52	13019.39258	13071.74805	345.34552	397.7009888
53	12910.28223	12964.28418	334.385376	388.3873291
54	12992.32617	13030.86328	340.3878174	378.9249268
55	12939.8252	12996.03223	335.4351196	391.6421509
56	12740.67773	12759.13379	335.8548584	354.3109131
57	12908.85645	12896.28027	346.171875	333.5957031
58	12821.06836	12868.89746	349.9264832	397.7555847
59	12849.36719	12946.70996	343.5326843	440.8754578
60	12852.81934	12935.55664	343.0368042	425.7741089
61	12905.19727	12991.95313	345.6224365	432.3782959
62	12985.79785	13018.90039	349.6922607	382.7947998
63	12941.70313	13023.2373	333.5434265	415.0776062
64	13205.61328	13296.29688	341.0631409	431.7467346
65	12890.01172	12916.51465	354.7240601	381.2269897
66	12796.55957	12868.60059	349.3089294	421.3499451
67	13011.93359	13113.23926	342.5733643	443.8790283
68	12928.99902	13023.57031	352.3328857	446.9041748
69	12917.19238	12994.60059	360.0949402	437.5031433
70	13057.08691	13090.91113	347.0897217	380.9139404
71	13047.78711	13052.70703	346.3030701	351.2229919
72	13058.99219	13106.8916	341.8696289	389.769043
73	12933.76074	12959.01953	343.1979065	368.4566956
74	13308.47949	13272.75195	355.0653687	319.3378296
75	13164.1123	13182.41992	347.9389343	366.2465515
76	13346.82227	13373.13184	336.3281555	362.6377258
77	12895.43457	12942.13086	343.6374817	390.3337708
78	13103.4668	13154.74219	342.9883118	394.2637024
79	13140.27832	13190.26563	335.1964111	385.1837158
80	13153.45605	13196.31641	340.8560486	383.7164001
81	12826.47949	12885.63184	332.7117615	391.8641052
82	13063.39258	13092.62109	338.3469849	367.5755005
83	13019.15918	13062.93555	342.2579651	386.0343323
84	13250.04492	13206.10352	341.5082397	297.5668335
85	13267.41309	13276.88574	334.226532	343.6991882
86	13225.4209	13280.44727	348.3315125	403.3578796
87	13433.88477	13412.43848	354.213623	332.767334
88	13283.74316	13266.73828	355.5300598	338.525177
89	13428.71484	13391.83594	358.5309143	321.6520081
90	13419.76758	13460.44336	343.5982666	384.2740479
91	13572.12988	13542.1875	354.0690918	324.126709
92	13591.45508	13535.39941	354.110321	298.054657
93	13453.27148	13458.51465	345.4510498	350.6942139
94	13294.15723	13284.17773	343.5422363	333.5627441
95	13294.70801	13344.25879	350.8526306	400.4034119
96	13380.00684	13407.94434	343.1205139	371.0580139
97	13310.91016	13355.66406	339.8157959	384.5697021
98	13043.54102	13038.2959	355.7582703	350.5131531
99	13092.06055	13155.04883	340.8321838	403.8204651
100	13005.60059	13020.94629	330.9082336	346.2539368
101	12959.41602	13010.16113	341.9498291	392.6949463
102	12732.99023	12773.40918	338.8107605	379.2297058
103	13151.64551	13188.13965	342.094574	378.5887146
104	13178.07422	13202.41504	343.2232971	367.5641174
105	13244.38379	13272.5166	339.8939514	368.0267639
106	13173.28711	13212.59668	343.1831055	382.4926758
107	13055.33984	13029.56445	349.8430176	324.067627
108	13030.20996	13068.56641	342.624115	380.9805603
109	12920.16992	12954.59473	342.9656372	377.3904419
110	13211.39453	13202.9375	341.111908	332.6548767
111	13056.93164	13065.7959	350.3482056	359.2124634
112	13154.36426	13144.46484	344.666687	334.7672729
113	13280.3291	13175.76172	329.2660828	224.6987
114	13109.12305	13053.875	338.1409302	282.8928833
115	13024.65332	12950.25195	330.9979858	256.5966187
116	13196.81641	13078.83105	346.7481689	228.7628174
117	13009.37012	12877.15137	343.0152283	210.7964783
118	12936.23926	12876.84961	343.4107666	284.0211182
119	13088.55762	13105.63867	340.6903992	357.7714539
120	13081.90137	13072.66699	345.4450378	336.2106628
121	13027.48242	13029.23926	348.7612915	350.5181274
122	13067.27734	13068.24902	345.3100586	346.2817383
123	13250.99512	13266.94727	352.5585632	368.5107117
124	13262.09375	13324.2793	345.4000244	407.5855713
125	13030.21973	13052.58105	352.9501343	375.3114624
126	12961.66797	13040.44531	346.1314087	424.9087524
127	13255.36914	13287.87793	350.9445801	383.4533691
128	13093.54004	13149.30078	352.2587891	408.0195313
129	12893.60938	12928.20508	345.3686218	379.964325
130	12938.12793	12957.86426	346.4616699	366.197998
131	12945.20703	12930.74902	348.9194031	334.4613953
132	12752.5459	12721.5791	334.5525513	303.5857544
133	13128.81836	13087.23633	338.1690979	296.5870667
134	12974.71191	13002.69922	343.8322449	371.8195496
135	13109.91211	13154.50781	341.9324646	386.5281677
136	13014.2959	13065.16113	338.8144836	389.679718
137	13374.70508	13347.4502	351.0335388	323.778656
138	12923.88965	12967.55469	340.0018005	383.6668396
139	12904.59961	12925.52148	351.2238159	372.1456909
140	13029.19141	13080.32031	342.6384277	393.767334
141	12813.7793	12852.95313	339.2246704	378.3984985
142	12960.4082	13001.05371	346.0014954	386.6470032
143	13224.61621	13297.2207	333.912384	406.5168762
144	12856.08789	12912.55664	331.9105225	388.3792725
145	12963.14648	13052.07715	333.5687866	422.4994507
146	13003.2959	13068.89258	350.5067444	416.1034241
147	13109.0293	13175.8125	338.2055359	404.988739
148	13165.12891	13228.97754	348.0656128	411.9142456
149	13085.07227	13136.42188	339.2613831	390.6109924
150	13151.05957	13235.39844	343.1320801	427.4709473
151	13215.65723	13332.84277	343.0818176	460.2673645
152	13248.62598	13344.42969	343.73526	439.5389709
153	13145.9043	13229.47461	337.2952576	420.8655701
154	13158.86328	13248.5293	334.7867432	424.4527588
155	13280.40137	13383.23242	348.2121582	451.0432129
156	13087.0332	13126.97559	340.6607666	380.6031494
157	13078.40332	13166.8418	334.4273682	422.8658447
158	13145.41309	13270.78223	344.0220337	469.3911743
159	13188.0166	13261.09863	344.7576294	417.8396606
160	13224.82324	13272.05078	341.2245178	388.4520569
161	13140.87109	13254.66699	345.7685242	459.5644226
162	13276.67285	13365.52441	342.6339111	431.4854736
163	13147.71875	13249.13184	342.2991638	443.7122498
164	13287.40918	13386.66504	340.9525757	440.2084351
165	13285.92578	13361.24219	343.1579895	418.4743958
166	13018.16699	13115.33398	337.3638306	434.5308228
167	13126.94336	13225.10938	342.4265747	440.5925903
168	12888.26855	12975.1084	340.7210693	427.5609131
169	13208.30664	13307.41504	350.3411865	449.449585
170	13031.55273	13177.00391	334.772644	480.2238159
171	12886.82422	12988.95996	342.3370972	444.4728394
172	12991.05957	13115.1084	342.440918	466.4897461
173	13006.72461	13137.88672	351.6351929	482.7973022
174	13208.12891	13329.7666	345.6451111	467.2828064
175	13171.53906	13260.84473	344.8131714	434.1188354
176	13083.875	13144.49219	339.5948486	400.2120361
177	13079.64746	13176.70605	339.7494202	436.8080139
178	13163.12207	13290.15625	340.834137	467.8683167
179	12993.73926	13067.92676	350.846283	425.033783
180	12698.67285	12793.95801	336.4151001	431.7002563
181	12887.54883	13001.2793	343.6080933	457.338562
182	12890.52051	12938.96289	346.5282593	394.9706421
183	13072.60156	13088.78125	356.3788147	372.5585022
184	13318.86426	13412.00977	353.9509583	447.0964661
185	13450.48535	13504.61133	349.7955322	403.9215088
186	13149.08203	13241.64258	348.6989441	441.259491
187	13447.98438	13424.31641	346.5237427	322.8557739
188	13342.98438	13300.23633	343.6809387	300.9328918
189	13486.18945	13513.23633	343.5801697	370.6270447
190	13434.43164	13504.47266	333.4948425	403.5358582
191	13328.7666	13317.53418	340.4503784	329.2179565
192	13479.75586	13435.02734	337.5923157	292.8638
193	13502.56641	13453.64844	354.4432983	305.5253296
194	13353.29785	13338.46094	337.4510498	322.6141357
195	13270.81055	13283.32813	342.5811462	355.0987244
196	13066.25391	13055.68457	345.8343811	335.2650452
197	12822.4248	12812.35059	350.7206116	340.6463928
198	13081.87695	13066.76074	344.7463379	329.630127
199	13268.76563	13269.84766	336.0358276	337.1178589
200	13344.50195	13366.79199	341.4670105	363.7570496
201	13320.32617	13359.0957	345.1999817	383.9695129
202	13442.24902	13429.43066	343.848114	331.0297546
203	13260.1123	13265.84473	347.1864624	352.9188843
204	13347.92969	13340.83789	351.2866516	344.1948547
205	13184.24707	13181.41504	356.2920532	353.460022
206	13364.73438	13361.65625	339.6391296	336.5610046
207	13350.36328	13404.26074	341.6411438	395.5386047
208	13463.31055	13484.27344	339.7886658	360.7515564
209	13613.3877	13607.15527	345.158783	338.9263611
210	13436.44531	13436.84375	342.3406372	342.7390747
211	13410.78906	13438.39941	336.7674561	364.3778076
212	13590.35938	13551.1543	353.8237915	314.6187134
213	13550.19043	13514.08398	344.4962769	308.3898315
214	13396.6543	13442.65137	338.5420837	384.5391541
215	13139.46875	13128.65234	339.5868225	328.7704163
216	13323.63477	13362.66602	344.7463684	383.7776184
217	13197.47754	13222.78516	339.523468	364.8310852
218	13282.01563	13315.92773	339.3651733	373.2772827
219	13266.4375	13317.8418	332.6665344	384.0708313
220	13580.97949	13585.37305	348.4129639	352.8065186
221	13679.85938	13702.59277	347.5953979	370.3287964
222	13545.66797	13580.19727	342.0081177	376.5374146
223	13377.38574	13409.9082	348.2149048	380.7373657
224	13503.0625	13545.5498	344.1552124	386.6425171
225	13483.4834	13487.17871	344.0908508	347.7861633
226	13436.14844	13473.95996	341.0161438	378.8276672
227	13472.46191	13496.62695	341.0910034	365.2560425
228	13561.80664	13572.99316	338.3605957	349.5471191
229	13614.74414	13584.48438	355.9937439	325.7339783
230	13558.83398	13560.59766	357.47229	359.2359619
231	13773.50586	13755.23438	358.6743774	340.4028931
232	13644.59082	13703.94531	348.0352173	407.3897095
233	13700.42383	13691.72559	353.9511719	345.2529297
234	13553.34668	13531.99414	350.9430237	329.5904846
235	13606.31055	13604.2041	349.484375	347.3779297
236	13808.02344	13823.12891	350.54776	365.6532288
237	13628.73828	13660.6543	336.4241333	368.3401489
238	13586.07813	13663.90137	332.5461731	410.3694153
239	13798.30664	13850.5459	340.1955566	392.4348145
240	13854.19727	13893.16699	339.0919495	378.061676
241	13684.60742	13681.77344	346.1673584	343.333374
242	13443.25781	13485.54102	342.3707581	384.6539612
243	13400.35742	13414.85742	343.4113464	357.9113464
244	13675.4707	13632.40234	347.8452454	304.776886
245	13787.9502	13777.3252	342.9888	332.3638
246	13547.88574	13538.39648	348.5761108	339.086853
247	13678.82617	13689.2041	337.9750671	348.3529968
248	13600.99707	13670.97656	347.459198	417.4386902
249	13680.68066	13609.7373	359.5550537	288.6116943
250	13645.42676	13665.65234	344.9230347	365.1486206
251	13626.09082	13592.25781	339.7941895	305.9611816
252	13400.65625	13422.41309	349.4652405	371.2220764
253	13490.21875	13514.11621	351.5635986	375.4610596
254	13164.90723	13228.16699	346.5503235	409.8100891
255	13438.88477	13487.99219	331.3782349	380.4856567
256	13352.29199	13414.49707	322.9067383	385.1118164
257	13394.18555	13427.62988	348.151062	381.5953979
258	13402.32129	13438.25586	346.7297974	382.6643677
259	13490.57715	13521.40918	339.1877747	370.0198059
260	13648.44531	13647.12988	337.4699402	336.1545105
261	13658.9502	13657.22949	338.2794189	336.5587158
262	13577.78027	13548.7041	344.0584717	314.9822998
263	13601.68848	13619.0752	337.0873718	354.4740906
264	13797.26855	13727.16895	343.119751	273.0201416
265	13727.32031	13741.11328	344.4962769	358.2892456
266	13394.95508	13374.74414	351.5899658	331.3790283
267	13393.35645	13410.84277	347.7052002	365.1915283
268	13455.36523	13470.75684	346.0122681	361.4038696
269	13728.69824	13743.50781	355.5514221	370.3609924
270	13367.24805	13423.04492	347.3579102	403.1547852
271	13552.4834	13574.34766	347.9550171	369.8192749
272	13684.12598	13732.76953	349.9432983	398.586853
273	13564.04102	13615.05078	347.5197449	398.5295105
274	13583.66016	13663.62109	346.5031433	426.4640808
275	13692.72754	13714.50098	358.2612305	380.034668
276	13671.93359	13688.71387	352.6231995	369.4034729
277	13631.9248	13657.26074	325.8870239	351.2229614
278	13786.57031	13772.98047	334.9330139	321.3431702
279	13794.66699	13758.2334	337.7202148	301.2866211
280	13866.59766	13824.24219	334.8983154	292.5428467
281	13870.79883	13804.55371	352.8996277	286.6545105
282	13824.23828	13702.18457	344.5375061	222.4837952
283	13690.86035	13614.12695	327.6701355	250.9367371
284	13712.70801	13710.95313	361.4721985	359.7173157
285	13496.87891	13534.24316	337.5169067	374.8811646
286	13520.4873	13583.38184	340.0822144	402.9767456
287	13391.04883	13420.07324	342.4562073	371.4806213
288	13352.20215	13382.04297	339.9165955	369.7574158
289	13675.93262	13675.05273	338.8624878	337.982605
290	13401.18457	13437.52441	338.2716675	374.6115112
291	13471.59863	13514.12109	333.7818909	376.3043518
292	13329.77051	13366.87109	345.978363	383.078949
293	13436.83496	13451.875	345.1708374	360.2108765
294	13390.20898	13451.2627	342.4308777	403.4845886
295	13464.87695	13508.76367	343.3886719	387.2753906
296	13427.15332	13444.20605	342.855072	359.9078064
297	13699.4248	13690.76953	348.568512	339.9132385
298	13338.45215	13355.42871	352.57724	369.5538025
299	13365.61914	13354.91406	341.8867493	331.1816711
300	13308.95801	13317.25391	344.7958679	353.0917664
301	13248.78809	13330.15723	341.7133179	423.0824585
302	13393.45703	13469.11035	342.5128479	418.1661682
303	13280.29297	13348.22656	339.0710754	407.0046692
304	13303.60742	13359.22461	343.5739136	399.1911011
305	13290.91797	13322.90527	344.7151794	376.7024841
306	13251.16016	13299.41895	338.0999451	386.3587341
307	13390.63281	13418.41797	337.7946167	365.5797729
308	13138.91406	13176.35742	336.8591919	374.3025513
309	13273.1875	13341.83105	338.9457092	407.5892639
310	13186.85449	13266.91992	345.2575378	425.3229675
311	13314.24121	13420.72949	342.0878296	448.5761108
312	13538.4209	13570.63867	341.5673523	373.7851257
313	13250.55762	13283.48047	335.282074	368.2049255
314	13481.02441	13473.2334	343.6040344	335.8130188
315	13379.74805	13423.22461	339.1088257	382.5853882
316	13252.67676	13342.96973	338.5440979	428.8370667
317	13520.69336	13572.44238	337.6377869	389.3868103
318	13498.97363	13537.41699	352.3525391	390.7958984
319	13369.9707	13457.04199	339.5624695	426.6337585
320	13206.00293	13344.40723	341.4527283	479.8570251
321	13429.74023	13465.29492	345.8956604	381.4503479
322	13564.17871	13599.61328	345.8212585	381.2558289
323	13379.36523	13437.02148	344.1305847	401.7868347
324	13693.23242	13693.95801	346.1452026	346.8707886
325	13871.04883	13926.43652	344.5797424	399.9674377
326	13433.40625	13449.2998	343.8955994	359.7891541
327	13550.01855	13580	358.411499	388.3929443
328	13595.58105	13634.55371	340.4825439	379.4552002
329	13782.98926	13812.62402	350.3896179	380.0243835
330	13485.79492	13546.2959	340.0083008	400.5092773
331	13631.97852	13664.34766	341.8824463	374.2515869
332	13933.59668	14046.00488	348.7130432	461.1212463
333	13651.03906	13712.55469	337.8398743	399.3554993
334	13872.38965	13913.18945	337.5958252	378.3956299
335	13690.73438	13727.85547	351.8643799	388.9854736
336	13634.3584	13634.91309	345.1851501	345.7398376
337	13452.82031	13525.6543	339.9924927	412.8264771
338	13432.77734	13474.51855	342.3127747	384.0539856
339	13536.60742	13577.62207	339.5094604	380.5241089
340	13359.57813	13444.81055	348.9907532	434.223175
341	13720.11621	13793.11621	344.6013489	417.6013489
342	13426.20996	13521.62402	350.5215759	445.9356384
343	13410.20508	13490.13867	344.4718628	424.4054565
344	13417.57324	13466.18164	346.1268921	394.7352905
345	13539.78223	13553.15625	346.8482361	360.2222595
346	13213.23438	13263.37402	337.2148132	387.3544617
347	13199.24316	13270.4375	347.5800781	418.7744141
348	13260.19043	13338.26953	346.4573975	424.536499
349	13492.21973	13587.59668	336.5635986	431.9405518
350	13419.68848	13527.41797	352.6098938	460.339386
351	13172.08203	13252.92676	338.1786194	419.0233459
352	13242.57715	13314.5957	341.1664429	413.1849976
353	13108.2334	13208.38379	339.7479553	439.8983459
354	13009.08594	13112.33203	341.698761	444.9448547
355	13289.41309	13387.55957	339.3933411	437.5398254
356	13396.09961	13505.41602	344.4655762	453.7819824
357	13207.20117	13229.7002	344.1559753	366.6549988
358	13409.56543	13447.89063	343.073761	381.3989563
359	13294.57617	13362.94727	340.4084473	408.779541
360	13375.32715	13435.78223	346.2093506	406.6644287
361	13323.71777	13394.89648	341.1221924	412.3009033
362	13417.53418	13551.46973	349.6190796	483.5546265
363	13466.73535	13508.85254	333.2332764	375.3504639
364	13514.83105	13523.4541	341.8322449	350.4552917
365	13424.85938	13404.02344	335.2519836	314.4160461
366	13499.42871	13490.41406	353.8630066	344.8483582
367	13202.67578	13218.35645	351.3195496	367.0002136
368	13381.32031	13268.125	338.730835	225.5355225
369	13228.01855	13167.13574	356.1096191	295.2268066
370	13475.96582	13376.82227	333.5444336	234.4008789
371	13037.83398	13090.11621	344.227356	396.5095825
372	13225.3252	13273.9248	344.780304	393.3799133
373	13258.57617	13278.78906	341.8558044	362.0686951
374	13115.48926	13084.66016	348.9007874	318.0716858
375	13239.72949	13254.07422	347.0462341	361.3909607
376	13068.11035	13101.85742	329.7840576	363.5311279
377	13135.4707	13136.99902	348.6442261	350.1725464
378	12838.92969	12875.24316	344.4185791	380.7320557
379	12983.43945	12996.50684	342.8302002	355.897583
380	12896.48242	12933.38184	356.545929	393.445343
381	12937.49023	13016.2959	351.1994324	430.0050964
382	12867.1875	12967.69629	335.7010498	436.2098389
383	12988.63965	13033.47754	350.9393311	395.7772217
384	12924.43652	12973.35938	350.7115784	399.6344299
385	13129.7793	13164.85742	344.1343079	379.2124329
386	12873.85352	12941.57227	343.9300232	411.6487732
387	12889.3877	12888.66211	351.0662231	350.3406372
388	12965.97949	12985.02441	341.1169128	360.1618347
389	13105.30664	13112.3916	346.7770691	353.86203
390	13207.16309	13212.49512	349.1699829	354.5020142
391	12940.88281	12966.7959	357.4675598	383.3806458
392	12757.3623	12773.13086	357.8970642	373.6656189
393	12987.86914	13010.93066	351.7496033	374.8111267
394	13074.75098	13103	356.5632935	384.8123169
395	12896.74316	12906.58887	355.8708496	365.7165527
396	12941.00684	12936.26367	348.9412231	344.1980591
397	13168.37695	13162.03711	346.5958252	340.2559814
398	12978.9043	13049.40234	353.0388794	423.5369263
399	13073.09473	13133.48145	348.7127686	409.0994873
400	12856.83008	12912.47363	342.3044739	397.9480286
401	12774.99414	12843.16895	345.3776855	413.5524902
402	12756.14648	12773.54199	345.0306091	362.4261169
403	12927.4707	12985.43359	338.5883179	396.5512085
404	12752.96875	12789.64355	345.582489	382.2572937
405	12780.35254	12826.09473	349.6877441	395.4299316
406	12825.98633	12851.61914	342.8661499	368.4989624
407	12954.35449	12967.20703	350.1041565	362.9566956
408	12748.29883	12784.65625	341.5934143	377.9508362
409	12881.11328	12908.08301	343.7390442	370.7087708
410	12903.11914	12931.00977	358.5401611	386.4307861
411	12780.39258	12790.17383	349.807312	359.588562
412	12919.64746	12917.70117	353.8675842	351.9212952
413	12949.39844	12885.24707	351.9448547	287.7934875
414	12792.11328	12765.01855	344.9428711	317.8481445
415	12814.67578	12749.44043	350.8900452	285.6546936
416	12844.70898	12867.6582	337.217804	360.1670227
417	12889.88965	12896.74609	334.526825	341.3832703
418	12725.72754	12720.78418	337.4746704	332.531311
419	13107.68848	13101.33301	332.2088928	325.8534241
420	13056.61133	13114.29297	346.9396362	404.6212769
421	12731.31445	12767.28613	346.0909729	382.0626526
422	12904.58594	12950.97266	333.4011536	379.7878723
423	12764.76855	12842.07031	347.3682251	424.6699829
424	12902.01563	12935.44141	335.3650513	368.7908325
425	12905.37109	12947.69434	345.5726929	387.8959351
426	12785.57227	12833.72656	341.1639099	389.3182068
427	12802.80273	12860.61914	337.0818481	394.8982544
428	12996.33984	13049.00977	329.583252	382.2531738
429	13149.2207	13218.49707	341.1086121	410.3849792
430	12881.1123	12965.07617	335.6975403	419.6614075
431	13110.75293	13166.02051	338.9854126	394.2529907
432	13038.77051	13071.43555	348.1485291	380.8135681
433	12993.67285	12981.30176	344.1702881	331.7991943
434	12864.51953	12918.27539	340.6627808	394.4186401
435	12697.01563	12700.07715	338.403595	341.4651184
436	12833.01855	12895.42285	338.6567078	401.0610046
437	12739.97852	12810.59668	332.6889038	403.3070679
438	12730.66309	12788.83203	334.7970276	392.9659729
439	12787.53613	12856.73047	334.0164185	403.2107544
440	13014.42969	13093.18945	345.6878052	424.4475708
441	12994.85254	13068.31641	339.0874329	412.5513
442	12819.35547	12907.46582	335.9639893	424.0743408
443	13032.6543	13042.40039	330.1512451	339.8973389
444	12724.07129	12753.95313	335.4630432	365.3448792
445	13039.66211	13042.28711	329.3831787	332.0081787
446	13071.05469	13113.57422	336.0144958	378.5340271
447	12499.63477	12547.38477	335.9518738	383.7018738
448	12756.04199	12776.48926	347.487854	367.9351196
449	12832.00781	12897.65234	331.8155518	397.460083
450	12773.27734	12778.46875	332.6589661	337.8503723
451	12850.61523	12907.02832	331.8113098	388.2243958
452	12642.51563	12649.16797	336.0936584	342.7460022
453	12751.22852	12806.71582	343.7782593	399.265564
454	12935.04688	12916.06543	336.6033325	317.6218872
455	12725.14648	12751.01465	332.3601685	358.2283325
456	12939.55176	12972.70117	330.868042	364.0174561
457	12898.65625	12909.43262	337.2992249	348.075592
458	12909.60156	12888.77148	342.5532532	321.723175
459	12805.94629	12813.0166	333.7957153	340.8660278
460	13208.41113	13213.00195	331.6275635	336.2183838
461	12890.24902	12897.52832	333.5733032	340.8526001
462	13071.46191	13100.54688	340.7786255	369.8635864
463	12843.22168	12859.20703	338.7808228	354.7661743
464	12832.30762	12844.6748	343.0551758	355.4223633
465	12716.90332	12709.94629	345.0341187	338.0770874
466	12839.28418	12868.85547	331.7871704	361.3584595
467	12845.62402	12866.78418	339.3060913	360.4662476
468	12628.92578	12647.24316	328.4113159	346.7286987
469	13083.66406	13078.64355	326.2008972	321.1803894
470	12690.88867	12708.16797	330.0959778	347.3752747
471	12908.11035	12919.43848	330.7818298	342.1099548
472	12789.11523	12796.43945	338.2555542	345.5797729
473	12804.5293	12821.29199	332.0101013	348.7727966
474	12731.7207	12762.71875	331.8230286	362.8210754
475	12742.17188	12742.44824	333.3433533	333.6197205
476	12865.36719	12884.37109	329.7408752	348.7447815
477	12771.32031	12771.14746	337.8604736	337.6876221
478	12876.94629	12905.10352	334.1416016	362.2988281
479	12819.84668	12832.86719	337.9399109	350.9604187
480	12941.2334	12964.76367	325.2895813	348.8198547
481	12800.64746	12816.15137	336.463623	351.9675293
482	12758.46973	12791.62402	332.8930054	366.0473022
483	12997.00195	13035.16406	327.9483948	366.1105042
484	12801.77148	12847.99707	329.8765564	376.1021423
485	12940.24805	12945.18848	331.0560303	335.99646
486	13018.69434	13042.48828	338.5079346	362.3018799
487	12975.08691	12997.69727	338.6174622	361.2278137
488	12786.45801	12828.92676	341.8721619	384.3409119
489	12921.66016	12958.38477	336.6729736	373.397583
490	12929.56641	12987.11328	339.5684814	397.1153564
491	13059.69141	13080.39746	342.7163391	363.4223938
492	13146.01074	13199.51074	334.5223389	388.0223389
493	13055.72754	13101.61914	336.1768188	382.0684204
494	13181.01953	13202.29883	337.8021851	359.0814819
495	13276.3457	13305.4707	332.4931641	361.6181641
496	13246.82422	13273.14258	327.1376038	353.4559631
497	13186.59277	13209.51172	333.9618835	356.8808289
498	12908.15918	12945.50195	331.0897522	368.4325256
499	13394.27539	13414.04688	333.8138428	353.5853271
500	13098.13184	13115.37207	328.3417053	345.5819397
501	13116.15332	13154.19922	330.0962219	368.1421204
502	13010.33105	13052.87891	334.7035522	377.2514038
503	12750.0166	12777.25586	335.4145508	362.6538086
504	12956.87891	13020.72852	326.4439087	390.2935181
505	12998.52246	13043.125	334.8523254	379.4548645
506	13058.05078	13109.05176	335.9893494	386.9903259
507	12993.9834	13019.88672	346.8343811	372.7377014
508	13093.90625	13112.84668	331.269165	350.2095947
509	13205.69043	13189.5127	341.0892639	324.9115295
510	13210.45508	13204.75195	333.7907104	328.0875854
511	13062.98828	13078.04199	342.7842712	357.8379822
512	13169.08105	13159.5332	345.611908	336.0640564
513	13229.82617	13237.74805	342.4680786	350.3899536
514	13388.41797	13417.93164	335.5130615	365.0267334
515	13206.25	13246.83301	339.0627747	379.6457825
516	13269.91797	13289.9502	333.5836182	353.6158447
517	12820.96094	12855.4502	336.236145	370.7254028
518	13012.72559	13031.81348	332.5992126	351.6871033
519	12979.70215	13023.63477	331.3970642	375.3296814
520	12920.01074	12914.87793	322.6941223	317.5613098
521	12909.25391	12938.29688	331.1425171	360.1854858
522	13027.375	13071.93359	334.1792908	378.7378845
523	13034.71289	13061.07129	326.099884	352.4582825
524	13113.57227	13153.34863	334.7249146	374.5012817
525	12894.9873	12934.07031	324.8140869	363.8970947
526	13274.22266	13310.30371	335.8460693	371.927124
527	12891.83105	12919.63086	331.7203064	359.5201111
528	12828.65234	12856.47266	337.9102478	365.7305603
529	12855.17871	12863.54785	326.9191589	335.2882996
530	12617.33008	12650.25879	330.5000916	363.4288025
531	12805.0918	12845.76855	332.3224487	372.9992065
532	12800.04883	12763.64453	347.1321716	310.7278748
533	12743.64551	12743.1582	352.2738647	351.7865601
534	12982.96094	12999.33398	348.2966003	364.6696472
535	13178.4082	13165.21094	336.1766052	322.9793396
536	12882.48828	12920.13379	337.85495	375.5004578
537	12933.57715	12949.41211	342.5517578	358.3867188
538	12944.1377	12898.30176	341.5645447	295.7286072
539	13066.87305	13065.75879	352.645813	351.5315552
540	13084.42285	13049.9668	346.6463928	312.1903381
541	13145.63184	13089.40234	348.4227295	292.1932373
542	13185.22266	13188.08105	351.069519	353.9279175
543	12959.27051	12987.4834	353.4576111	381.6705017
544	13036.30664	13034.03711	352.0257568	349.7562256
545	12933.66992	12959.99414	352.0149536	378.3391724
546	13026.43457	13075.7168	348.2247314	397.506958
547	13008.33496	13019.40625	349.6595764	360.7308655
548	12926.76855	12931.33887	352.999176	357.5694885
549	12959.48145	12988.84961	353.4872742	382.8554382
550	12718.45117	12799.90625	351.9943848	433.4494629
551	12917.54688	13017.97363	355.0010071	455.4277649
552	13084.59473	13158.7207	350.692749	424.8187256
553	12845.74512	12945.54883	347.6863403	447.4900513
554	12751.16895	12864.11035	344.6694336	457.6108398
555	12972.28027	13054.11719	358.2617188	440.0986328
556	12560.80273	12657.60059	347.8319092	444.6297607
557	12751.5127	12841.94922	349.8462219	440.2827454
558	12718.84082	12807.57422	357.2599487	445.9933472
559	12898.28809	12998.55566	351.7548218	452.0223999
560	12773.97461	12847.30469	347.8912354	421.2213135
561	12616.16309	12717.05273	349.5562744	450.4459229
562	12615.53906	12716.83496	344.7624512	446.0583496
563	12760.32324	12846.73926	344.9848633	431.4008789
564	12787.2373	12869.06543	347.3487854	429.1769104
565	12979.77832	13065.41113	344.159729	429.7925415
566	13058.77051	13152.91211	336.8818054	431.023407
567	12886.16992	12984.63574	339.9497375	438.4155579
568	12885.90137	12991.14844	345.9165344	451.1636047
569	12974.0127	13074.16113	326.9970703	427.1455078
570	12971.49707	13069.3252	344.5136414	442.3417664
571	13007.38965	13092.29199	350.6150818	435.5174255
572	12877.09082	12958.55273	341.0201721	422.4820862
573	13084.78223	13153.68066	340.0307007	408.9291382
574	13182.62598	13304.07227	346.9356384	468.3819275
575	12952.10254	13053.89258	350.3479004	452.1379395
576	12979.35645	13071.91992	343.862915	436.4263916
577	12974.31738	13058.17676	345.9506836	429.8100586
578	13042.01855	13109.45508	339.9716187	407.4081421
579	12895.31152	12969.97266	341.6177979	416.2789307
580	12843.89063	12912.99316	345.1233521	414.2258911
581	12781.76172	12846.19043	351.0578918	415.4866028
582	12939.0625	13025.3125	349.9859924	436.2359924
583	12671.35938	12767.5332	340.6569824	436.8308105
584	12764.56055	12828.27051	338.7290344	402.4389954
585	12833.50195	12901.00488	342.098877	409.6018066
586	12805.13184	12897.45996	342.4221191	434.7502441
587	12886.68457	12946.66211	344.5377502	404.5152893
588	12737.23145	12819.79102	342.618866	425.1784363
589	13173.17676	13258.03809	336.6218872	421.4832153
590	12972.61914	13096.93457	346.8072205	471.1226501
591	12676.66504	12762.24512	339.3390198	424.9190979
592	12965.88965	13030.22754	348.0196228	412.3575134
593	12843.48242	12872.70313	340.7745972	369.9953003
594	13040.18359	13043.4248	334.1227112	337.3639221
595	12901.91309	12870.7793	335.7151489	304.5813599
596	12762.40332	12792.41113	350.6733704	380.6811829
597	12902.52051	12908.69824	340.2241821	346.4019165
598	12872.80664	12910.62012	342.1089172	379.9223938
599	12668.83691	12712.9541	342.9566345	387.073822
600	12888.33789	12970.61133	341.4308167	423.7042542
601	12440.50879	12500.99219	346.6250305	407.108429
602	12378.0791	12458.46582	343.0671997	423.4539185
603	12620.7627	12699.6123	344.9846191	423.8342285
604	12721.34668	12810.51855	343.8734436	433.0453186
605	12772.3252	12850.55078	359.7983398	438.0239258
606	12812.28906	12817.47949	356.6662598	361.8566895
607	12759.03906	12836.75977	339.0522766	416.7729797
608	12607.63867	12685.67676	353.8768005	431.9148865
609	12675.53125	12774.08008	345.8170166	444.3658447
610	12699.74609	12775.54102	345.7195129	421.5144348
611	12749.57422	12744.16211	342.0106201	336.5985107
612	12982.4209	13002.74609	354.250824	374.5760193
613	12764.83691	12781.92578	354.4483337	371.5372009
614	13049.64746	13069.52734	349.6497498	369.5296326
615	12767.5498	12797.33301	356.1986084	385.9818115
616	12873.34375	12952.87305	332.1246948	411.6539917
617	12792.06836	12856.06641	344.7028809	408.7009277
618	12684.96094	12719.16016	348.8786621	383.0778809
619	12843.77734	12852.92285	355.6199951	364.7655029
620	12814.31836	12844.17871	340.4222412	370.2825928
621	12739.5498	12752.19727	348.1085815	360.7560425
622	12778.0166	12834.13574	340.1799622	396.2991028
623	12560.0293	12620.53418	349.5507202	410.055603
624	12535.89551	12570.86914	343.6037903	378.5774231
625	12906.55176	12936.24902	340.2887573	369.9860229
626	12650.76465	12677.79785	354.6848145	381.7180176
627	12825.3584	12872.46191	334.1161499	381.2196655
628	12832.78418	12858.01855	356.459198	381.693573
629	12629.59961	12679.2959	344.9265137	394.6228027
630	13043.40332	13091.69043	342.9058533	391.1929626
631	12845.72949	12904.92871	345.416626	404.6158447
632	12833.72363	12903.53516	349.9382324	419.7497559
633	13022.31738	13068.58887	344.82724	391.0987244
634	12918.48633	12934.95215	341.8362122	358.3020325
635	12805.25391	12839.12402	344.2147827	378.0848999
636	12918.50781	12965.31641	346.3096313	393.1182251
637	12668.42871	12708.83301	352.5113525	392.9156494
638	13155.74414	13172.72949	341.6741333	358.6594849
639	13026.7334	13053.01953	343.5970154	369.8831482
640	12718.8584	12755.90918	354.7416077	391.7923889
641	13025.48145	13012.57129	351.9239807	339.0138245
642	13008.49512	13000.03906	343.9428406	335.4867859
643	12892.94824	12939.81445	338.678772	385.5449829
644	12947.23438	12964.78223	355.3405457	372.8883972
645	12761.88281	12815.53027	347.9291687	401.5766296
646	12977.35938	12973.33398	355.1437683	351.1183777
647	12961.56152	12931.11133	346.0532532	315.6030579
648	13004.44727	13063.69727	343.8146667	403.0646667
649	12817.41504	12854.4082	350.4092712	387.4024353
650	12759.20508	12796.08984	340.4421082	377.3268738
651	12804.62891	12824.63574	343.815918	363.8227539
652	13061.57227	13078.10449	349.1018677	365.6340942
653	12878.45215	12907.70898	339.2807312	368.5375671
654	12958.26758	12999.30469	337.5158691	378.5529785
655	13330.86621	13352.97461	353.9796143	376.0880127
656	12997.80566	13009.37109	351.3143005	362.8797302
657	13112.27148	13104.2207	356.4273376	348.3765564
658	13108.64746	13102.67969	356.2759705	350.308197
659	13078.13477	13078.58105	340.1767578	340.6230469
660	13129.21094	13119.20996	323.5652161	313.5642395
661	12811.57227	12886.08398	333.1747437	407.6864624
662	13073.03906	13035.92773	342.680481	305.5691528
663	12880.48047	12892.56543	331.036438	343.1213989
664	12935.00098	12957.71875	348.5112	371.2289734
665	13002.78711	13026.18848	349.0744324	372.4757996
666	12815.9834	12850.18652	339.690155	373.89328
667	12901.06738	12927.00195	346.2027893	372.1373596
668	12941.14355	13014.27344	350.0978699	423.2277527
669	13005.3623	13080.69141	346.2075195	421.5366211
670	12961.5459	13009.92383	343.8521118	392.2300415
671	12775.94043	12807.30664	347.5136719	378.8798828
672	12608.59082	12675.2041	350.9395752	417.5528564
673	12815.28809	12855.78613	337.0479431	377.54599
674	13007.95898	13032.24707	345.2148132	369.5028992
675	12911.09863	12981.7959	348.7090454	419.406311
676	12972.14453	13028.79395	345.8587646	402.5081787
677	12866.60352	12895.06836	350.8902893	379.3551331
678	12889.57715	12941.93848	339.8793945	392.2407227
679	12948.33301	12996.06055	347.0736389	394.801178
680	12979.66895	13034.55273	341.0083923	395.8921814
681	12974.25391	12979.4375	338.2143555	343.3979492
682	12989.4209	13107.13672	349.0135803	466.7294006
683	13085.32324	13128.66016	341.2503662	384.5872803
684	13110.63574	13158.56641	335.2301025	383.1607666
685	13296.9834	13358.22852	352.0305481	413.2756653
686	13018.95508	13017.85156	342.1362915	341.0327759
687	12883.53906	12924.9209	338.2188721	379.600708
688	12840.83008	12879.52246	336.563385	375.2557678
689	12818.10059	12857.03027	338.6401062	377.5697937
690	12984.83203	13011.2832	338.8974609	365.3486328
691	12964.95508	13047.77344	344.040863	426.8592224
692	13001.14063	13025.11621	341.8256531	365.801239
693	12989.63379	13043.33887	348.1993103	401.9043884
694	13001.95215	13087.49902	344.306488	429.853363
695	12913.15234	12994.70801	349.5145264	431.0701904
696	12795.09961	12907.41406	351.2514648	463.565918
697	12760.23633	12775.00391	342.5736084	357.3411865
698	13207.66113	13272.62012	359.1069031	424.0658875
699	12703.45215	12833.77734	343.7588501	474.0840454
700	13145.99219	13187.19531	346.7627563	387.9658813
701	13147.23242	13204.72852	353.6506348	411.1467285
702	12846.99219	12900.26367	351.6575623	404.9290466
703	13001.97168	13096.28516	351.0317383	445.3452148
704	13152.4502	13117.07813	344.4221497	309.0500793
705	12970.13867	13034.25488	347.3538208	411.4700317
706	12801.38867	12886.89258	350.0385437	435.54245
707	12793.51855	12887.46289	354.7260742	448.6704102
708	12750.65137	12849.73242	340.2931213	439.374176
709	12713.43555	12773.6748	353.3249207	413.5641785
710	12945.19434	13051.30859	348.4536743	454.5679321
711	13044.77539	13092.30566	347.1173096	394.647583
712	12798.20215	12895.35254	351.6083374	448.758728
713	12676.97949	12752.16602	346.5199585	421.7064819
714	12886.23047	12990.2002	335.9129333	439.8826599
715	12884.7666	12944.97949	339.6252136	399.8381042
716	12814.62402	12867.4082	341.1121216	393.8963013
717	12793.50195	12839.42773	345.10672	391.0325012
718	12757.30273	12799.81641	339.1525269	381.6661987
719	13066.34277	13158.96289	334.4243164	427.0444336
720	12937.24023	13052.66992	342.9714966	458.4011841
721	12987.43848	13079.79199	338.0964661	430.4499817
722	12698.84082	12779.45801	334.2871094	414.9042969
723	12846.66797	12979.44824	348.0377197	480.8179932
724	12614.53125	12696.87793	338.9934387	421.3401184
725	12914.40039	13029.19141	339.3043518	454.0953674
726	12684.07813	12762.10059	340.0040588	418.0265198
727	12836.48242	12948.75977	340.8035278	453.0808716
728	12851.47266	12956.01367	329.4814758	434.0224915
729	12955.47266	13042.91895	337.3339539	424.7802429
730	12988.19238	13085.55566	330.8250732	428.1883545
731	12775.48438	12894.2832	323.499115	442.2979431
732	12514.91016	12625.16797	345.7762756	456.0340881
733	12724.22168	12830.6748	334.6517944	441.1049194
734	12863.93262	12955.9209	328.5505066	420.5387878
735	12685.39063	12772.26172	326.8950195	413.7661133
736	12722.42773	12823.15332	336.7119141	437.4375
737	12603.44434	12691.65723	338.7669983	426.9798889
738	12515.56934	12615.38965	337.8416138	437.6619263
739	12995.86719	13092.29883	340.2573853	436.6890259
740	12750.71875	12843.81836	343.1174622	436.2170715
741	13106.69434	13192.40234	332.835907	418.5439148
742	12862.35156	12952.35254	337.4126282	427.4136047
743	12939.60645	13048.85938	340.9638367	450.2167664
744	12645.9375	12729.58203	337.9572449	421.6017761
745	12607.16113	12701.35547	331.0683594	425.2626953
746	12736.61719	12830.89551	343.6870117	437.965332
747	12824.85156	12920.93066	336.0426025	432.1217041
748	12708.41992	12799.68262	337.1012268	428.3639221
749	12902.94531	12991.57617	341.0983276	429.729187
750	12599.45703	12677.02344	335.7824707	413.348877
751	12962.04297	13012.45996	325.588623	376.0056152
752	13017.48535	13058.62891	338.5915833	379.7351379
753	12987.74512	13002.62109	333.9707031	348.8466797
754	12945.03906	12941.79785	334.4647827	331.2235718
755	12887.88965	12950.89551	342.6598511	405.6657104
756	12800.09668	12853.20605	346.1110229	399.2203979
757	13117.96484	13166.00781	352.5418091	400.5847778
758	12871.52441	12926.86035	348.0651245	403.401062
759	13064.2793	13138.43848	348.7434692	422.9026489
760	12946.32617	13013.77344	347.7077332	415.1549988
761	13047.94824	13101.04688	347.9414368	401.0400696
762	12911.93066	12971.07227	347.7344055	406.8760071
763	12969.36035	13013.75879	351.1725159	395.5709534
764	12904.35059	12986.61719	343.8086243	426.0752258
765	12902.18164	12946.51074	334.1825256	378.5116272
766	12921.20508	12987.26758	348.5489197	414.6114197
767	12775.43164	12821.89844	336.9403687	383.4071655
768	13021.34863	13064.42188	350.4703674	393.5436096
769	12759.72949	12798.18457	346.1341858	384.5892639
770	13064.62207	13071.16699	342.2896118	348.8345337
771	12987.54395	13016.83887	339.1530457	368.4479675
772	13170.52637	13201.10938	342.8726807	373.4556885
773	13199.71582	13249.40918	339.879425	389.5727844
774	12808.22363	12859.02441	346.0726013	396.8733826
775	13125.71191	13134.89648	346.6956787	355.880249
776	13107.90039	13140.00586	345.1816406	377.2871094
777	13122.46777	13200.64551	352.5045776	430.682312
778	13100.52148	13178.08105	346.9251099	424.4846802
779	13119.37695	13174.28613	349.0872498	403.9964294
780	13108.30371	13134.24805	351.8365479	377.7808838
781	13015.11621	13078.73242	352.534729	416.1509399
782	12975.30566	13053.9707	351.1182251	429.7832642
783	13015.95898	13046.65723	344.7694702	375.4677124
784	13052.07227	13126.06836	338.9911804	412.9872742
785	13003.26563	13098.64844	353.0846252	448.4674377
786	13115.64258	13166.46094	343.1662903	393.9846497
787	12865.2959	12923.06348	349.949585	407.7171631
788	13031.80957	13124.30176	348.2360229	440.7282104
789	12963.54492	13047.82031	349.2880859	433.5634766
790	13016.88965	13095.30566	349.5871277	428.0031433
791	12885.98535	12976.5498	342.9802856	433.5447388
792	12804.4082	12921.01172	348.7949524	465.398468
793	13166.26074	13176.73047	341.1568604	351.6265869
794	13224.46484	13245.00098	349.1617126	369.6978455
795	13008.72656	13056.7041	346.8778381	394.8553772
796	13213.82813	13266.82129	349.4215393	402.4147034
797	12861.40918	12930.68945	346.5249939	415.8052673
798	12809.72656	12872.84473	348.4538879	411.572052
799	12918.00684	12997.90234	348.1834717	428.0789795
800	12751.03418	12858.9209	353.7619629	461.6486816
801	12870.76758	12946.12598	344.0245361	419.3829346
802	13151.52148	13183.52051	356.6579895	388.6570129
803	12959.60449	13006.32227	349.9769287	396.6947021
804	12900.46387	12959.42969	345.0202942	403.9861145
805	12803.69922	12880.57129	348.1869812	425.0590515
806	12953.19629	13049.30957	338.6923828	434.8056641
807	12910.64844	13027.33691	348.6662598	465.3547363
808	13067.03516	13148.12793	352.0358582	433.1286316
809	12936.89453	13018.24316	351.3582764	432.7069092
810	13191.56641	13278.41016	352.9083862	439.7521362
811	12969.6582	13066.37891	340.8261414	437.5468445
812	13341.68164	13432.71777	345.4299927	436.4661255
813	12984.38281	13053.81152	343.5274353	412.9561462
814	13003.37402	13110.47168	340.6741028	447.771759
815	12985.99219	13091.5	344.502533	450.0103455
816	12933.11719	13041.12305	340.4112244	448.4170837
817	13045.19238	13101.40723	348.6222839	404.8371277
818	13071.06934	13159.80176	343.3283691	432.060791
819	13114.40527	13205.74023	340.6881714	432.0231323
820	13042.94922	13102.37988	348.184021	407.6146851
821	13051.20996	13110.48535	347.634613	406.9100037
822	13098.64746	13167.31738	343.5057983	412.1757202
823	13026.00781	13093.88184	339.633606	407.5076294
824	12774.35352	12816.37109	343.7558594	385.7734375
825	12836.19141	12881.2832	338.6438599	383.7356567
826	12939.41113	13033.95801	343.7309875	438.2778625
827	13174.0459	13238.62988	353.9713135	418.5552979
828	12842.60645	12929.71484	348.46698	435.5753784
829	12976.97266	13072.14551	346.6192322	441.7920837
830	13129.16309	13255.60547	346.0358887	472.4782715
831	13194.26172	13324.00684	342.3250427	472.0701599
832	13052.53125	13143.66113	343.7065735	434.8364563
833	13241.69531	13325.96094	339.2802429	423.5458679
834	12886.5791	12976.88477	341.7289429	432.0346069
835	13120.53711	13216.67676	348.6896667	444.8293152
836	12800.07617	12909.2832	355.4415894	464.6486206
837	12896.68945	12989.58496	344.3273926	437.2229004
838	12933.86816	13003.64844	354.3520508	424.1323242
839	13254.56738	13314.01758	344.3213806	403.7715759
840	13087.58008	13167.31055	343.6241455	423.3546143
841	13018.58887	13053.56055	342.1805115	377.1521912
842	13058.05762	13136.44727	341.2727051	419.6623535
843	12899.09473	12989.62793	346.6061401	437.1393433
844	12977.93164	13066.08496	345.871521	434.0248413
845	12842.54883	12956.17676	350.2426758	463.8706055
846	12958.18164	13076.5791	349.4160156	467.8134766
847	12817.52344	12900.54785	352.4884644	435.5128784
848	13012.7998	13095.76855	342.3504028	425.3191528
849	13057.80273	13162.36621	345.7214966	450.2849731
850	13042.20801	13152.90332	342.9586792	453.6539917
851	13179.66406	13249.37305	344.194397	413.9033813
852	13058.75293	13051.5752	335.8500671	328.6723328
853	13148.42188	13219.83105	340.3878174	411.7969971
854	13046.17773	13132.18359	330.7149963	416.7208557
855	13121.89258	13231.99512	347.1447449	457.2472839
856	13149.11035	13207.96582	342.1875916	401.0430603
857	12956.41602	13027.46973	346.1628418	417.2165527
858	12954.62891	12996.17676	341.5449524	383.092804
859	12993.375	13061.68262	350.6851807	418.9927979
860	12947.92773	12995.46191	358.2029419	405.7371216
861	13020.28418	13084.56836	343.4826965	407.7668762
862	13290.46973	13311.30371	351.7867737	372.6207581
863	13223.90723	13237.02637	342.9870911	356.1062317
864	13062.06836	13119.15137	351.7573853	408.8403931
865	13108.24219	13107.88574	348.8754272	348.5189819
866	12988.85156	13047.03906	341.8606262	400.0481262
867	12972.75195	13058.90332	345.0082703	431.1596375
868	12957.7627	13002.79492	346.8509827	391.8832092
869	13074.8418	13163.7334	348.0243835	436.9159851
870	12756.15137	12876.3418	350.8769531	471.0673828
871	12838.23828	12977.44336	351.438446	490.6435242
872	12859.01465	12984.91992	337.6481018	463.5533752
873	12899.93262	13029.76465	341.4092102	471.2412415
874	12815.20605	12939.13574	341.365509	465.2951965
875	13249.87012	13337.31055	345.6023865	433.0428162
876	12908.57227	12976.38086	355.022644	422.8312378
877	12999.06543	13061.05371	351.6643982	413.6526794
878	12922.23633	12975.74512	343.2341003	396.7428894
879	12957.1416	13002.14453	344.5452881	389.5482178
880	12945.82129	13087.80957	344.7515869	486.7398682
881	13057.64844	13177.19238	346.9414063	466.4853516
882	12947.91699	13034.99805	349.0022888	436.0833435
883	13057.93652	13165.9707	354.5994263	462.633606
884	12818.64844	12895.97754	340.8060303	418.1351318
885	12975.15137	13007.75684	342.324585	374.9300537
886	12975.87109	13028.43652	344.4186401	396.9840698
887	13133.1709	13151.11523	345.2507324	363.1950684
888	12792.58594	12814.59961	343.4655762	365.479248
889	12873.2168	12902.25098	348.0787048	377.1128845
890	12934.22656	12980.37012	353.5015259	399.6450806
891	12835.78711	12878.91406	346.3214111	389.4483643
892	12740.32324	12783.12305	343.8503723	386.650177
893	12828.49414	12840.45703	343.8802795	355.8431702
894	12755.30176	12790.74805	353.43573	388.882019
895	12886.55273	12981.06543	347.6926575	442.2053528
896	12940.98145	12966.58984	349.5675659	375.1759644
897	13024.05859	13070.48145	345.5830078	392.0058594
898	12992.99707	13030.18262	341.6690979	378.8546448
899	12932.15234	12953.18066	345.7016296	366.72995
900	13010.07031	13038.86816	346.076355	374.8742065
901	12957.12207	13011.07129	353.8572083	407.806427
902	13087.84082	13149.74023	347.4725037	409.3719177
903	13185.15723	13207.91992	344.3047791	367.0674744
904	12882.82422	12909.71582	338.1575623	365.0491638
905	12904.28125	12937.66113	348.9802246	382.3601074
906	12939.46875	12974.22168	345.7322998	380.4852295
907	12888.78711	12939.15234	342.5985107	392.9637451
908	13169.91895	13194.50586	354.2721252	378.8590393
909	12973.25488	13018.6123	340.843689	386.2011108
910	12954.23145	13011.50977	343.2901611	400.5684814
911	12939.89648	12979.00781	355.4587097	394.5700378
912	13071.16504	13127.08789	353.8607483	409.7835999
913	13157.89648	13235.52832	340.2739868	417.9058228
914	13303.63086	13288.71191	346.487793	331.5688477
915	12885.64551	12916.57129	354.5983582	385.5241394
916	13306.85742	13337.45996	347.5476379	378.150177
917	13123.33105	13145.7002	342.1750793	364.54422
918	13209.56836	13246.44434	348.6728516	385.5488281
919	13064.68164	13069.19922	342.7615967	347.2791748
920	13171.15137	13196.73633	346.2027588	371.7877197
921	13130.91895	13128.00098	340.0296936	337.1117249
922	13158.63672	13161.06348	340.8329163	343.2596741
923	13466.89551	13466.14648	341.2003784	340.451355
924	13421.78125	13433.41699	352.118988	363.7547302
925	13399.04785	13443.25879	353.4525757	397.6635132
926	13436.24609	13443.95215	340.0352173	347.741272
927	13273.57617	13265.1748	345.3897095	336.9883423
928	13283.14063	13287.12402	350.0161743	353.9995728
929	13343.9043	13286.30273	355.5026245	297.901062
930	13150.75	13143.41602	352.5360107	345.2020264
931	13129.14453	13110.50781	345.6916199	327.0549011
932	13124.71777	13156.2793	347.7941895	379.3557129
933	13268.0332	13297.68848	349.9897766	379.64505
934	13012.06738	12974.60156	353.3980408	315.9322205
935	13062.00391	13076.56152	351.7829895	366.3406067
936	13224.49902	13248.99805	349.9811707	374.4801941
937	13215.78418	13223.27148	343.2579651	350.7452698
938	13129.57617	13154.43359	345.3040466	370.1614685
939	13326.76172	13349.25684	339.4403381	361.9354553
940	13051.43457	12982.16211	335.8750305	266.6025696
941	12854.50195	12875.56348	341.8299255	362.891449
942	12805.28418	12747.64453	341.6921692	284.0525208
943	12729.02051	12738.30859	348.6349182	357.9230042
944	12968.84863	12986.5332	344.942627	362.6271973
945	12828.05957	12860.21387	351.3605042	383.514801
946	12592.57422	12599.44434	350.4557495	357.3258667
947	12941.3252	12956.04883	342.0491333	356.7727661
948	12931.40137	12968.75	347.3093567	384.6579895
949	12718.92578	12719.2627	348.8301392	349.1670532
950	13162.17871	13144.53223	344.9941406	327.3476563
951	13083.98242	13115.40039	350.9918518	382.4098206
952	13083.26758	13101.75	343.6769714	362.1593933
953	12777.76367	12826.29004	346.1427002	394.6690674
954	12801.64258	12826.9082	352.6302185	377.8958435
955	12834.52051	12833.62793	340.126709	339.2341309
956	12737.85352	12750.46094	344.8589478	357.4663696
957	12879.46387	12893.09766	344.7541504	358.3879395
958	12922.97949	12955.73633	343.8262329	376.5830688
959	13077.5127	13102.6748	353.5372925	378.6994019
960	13054.92285	13095.47461	339.525238	380.0769958
961	13049.35156	13060.04492	339.6097107	350.3030701
962	12878.76758	12895.63867	339.1744385	356.0455322
963	12907.91016	12929.6416	349.3091736	371.0406189
964	12905.47559	12963.27441	344.6377869	402.436615
965	12880.74902	12930.70898	345.313324	395.2732849
966	13036.26367	13015.45313	348.5966187	327.7860718
967	13046.69922	13058.93066	351.2916565	363.5231018
968	12921.93848	12954.61035	351.3974609	384.0693359
969	13077.62109	13032.44336	337.2479553	292.0702209
970	13093.60352	13053.81641	335.8287354	296.041626
971	13016.00977	13005.46289	340.9329834	330.3861084
972	13058.98535	13043.1123	354.8585205	338.9854736
973	13302.84766	13316.46973	344.0004272	357.6224976
974	12818.0332	12869.55371	331.4800415	383.0005493
975	13111.48438	13175.74414	333.2677307	397.5274963
976	12971.49316	13015.10742	342.3305969	385.9448547
977	13107.36621	13205.26758	347.7222595	445.6236267
978	13242.83301	13285.27344	346.4259644	388.866394
979	13083.28711	13150.59961	350.9618835	418.2743835
980	13169.77734	13218.7666	339.861084	388.8503418
981	13196.16602	13214.60352	348.7836914	367.2211914
982	13162.68652	13181.08691	347.9992676	366.3996582
983	13104.49805	13125.77539	343.4206238	364.6979675
984	13034.18359	13048.75781	343.1943665	357.7685852
985	13466.71582	13451.37598	335.8415527	320.501709
986	13276.44531	13266.32813	331.2880249	321.1708374
987	13189.60352	13171.96387	345.2572937	327.6176453
988	13285.13965	13293.03418	354.4277344	362.3222656
989	13098.56543	13102.09277	348.3727417	351.9000854
990	13411.90332	13431.45117	347.3747559	366.9226074
991	13053.60742	13108.77246	342.1767883	397.3418274
992	13133.00586	13166.43359	344.624176	378.0519104
993	13454.5459	13452.32422	349.214386	346.9927063
994	13432.25	13439.73145	344.3346558	351.8161011
995	13235.46875	13207.82617	338.806488	311.1639099
996	13618.14063	13652.12207	337.1424255	371.1238708
997	13639.78516	13681.81836	341.3597107	383.3929138
998	13539.96484	13571.93066	334.0903015	366.0561218
999	13390.96875	13425.43262	332.8271179	367.2909851
1000	13500.78223	13543.6543	336.2012329	379.0733032
1001	13410.51855	13470.37598	333.7359924	393.5934143
1002	13365.64844	13407.88477	336.6759338	378.912262
1003	13134.02148	13209.86328	346.3417664	422.1835632
1004	13086.61719	13154.42969	335.8842773	403.6967773
1005	13172.7998	13193.89063	336.2328796	357.3237
1006	13262.06348	13215.99023	346.0577393	299.9844971
1007	13186.19531	13231.1377	348.2930603	393.2354431
1008	13180.99902	13204.5957	344.9564209	368.5531006
1009	13005.10254	13037.95996	340.8892212	373.7466431
1010	13161.67871	13151.62207	339.9671021	329.9104614
1011	13393.33691	13358.11328	348.6517029	313.4280701
1012	13066.32227	13152.10547	335.6171265	421.4003296
1013	12865.2041	12933.40527	344.5819702	412.7831421
1014	12989.6123	13094.43848	337.0044556	441.8306274
1015	12886.05273	12988.42383	327.2257996	429.5968933
1016	13055.50684	13100.49805	334.3205566	379.3117676
1017	12936.18066	13042.45605	347.0374451	453.3128357
1018	12994.1377	13079.90918	334.0913086	419.862793
1019	13143.18164	13263.61816	341.6132813	462.0498047
1020	13107.76563	13197.8584	330.988678	421.0814514
1021	12749.76172	12820.0791	338.553894	408.8712769
1022	12831.14258	12911.67773	338.847168	419.3823242
1023	12754.00684	12863.77246	341.4438782	451.2095032
1024	12918.02832	13031.33789	347.5001221	460.8096924
1025	13188.88184	13266.12598	336.3502808	413.5944214
1026	13068.46875	13117.41602	350.2999268	399.2471924
1027	12725.05957	12824.21484	343.6251526	442.780426
1028	12937.07227	13023.85742	341.3041382	428.0892944
1029	12728.40332	12793.58301	335.8292236	401.0089111
1030	12961.26172	13044.7627	331.9628296	415.4638062
1031	13206.16309	13304.78125	335.6822205	434.3003845
1032	13087.47949	13201.37793	335.4829407	449.3813782
1033	12863.23828	12965.85547	339.4483948	442.0655823
1034	12877.47656	13008.76172	357.7246399	489.0097961
1035	12902.62891	12979.38477	346.9697876	423.725647
1036	12938.49316	13033.69727	337.022522	432.2266235
1037	12961.50195	13098.63574	359.5432129	496.677002
1038	12914.63867	12978.04688	334.6575317	398.0657349
1039	13136.24512	13151.30176	340.2460938	355.3027344
1040	13011.92285	13056.52051	341.1994019	385.7970581
1041	12848.93457	12860.73633	353.3887024	365.1904602
1042	12763.36035	12756.2627	346.5375671	339.4399109
1043	12834.1709	12865.71289	343.3937073	374.9356995
1044	12777.64941	12855.74512	328.318573	406.4142761
1045	12831.46582	12849.98535	341.377533	359.8970642
1046	12896.76465	12914.2334	339.6102295	357.0789795
1047	12701.28809	12785.7959	335.431427	419.9392395
1048	12902.71875	12963.82813	332.8572998	393.9666748
1049	12839.68164	12846.53711	337.7812805	344.6367493
1050	12779.19336	12853.35449	346.0997314	420.2608643
1051	12900.30371	12953.12012	355.7426758	408.559082
1052	12993.29395	13056.50195	334.3803711	397.5883789
1053	12858.01758	12898.28418	345.3396912	385.6062927
1054	13060.40723	13088.94434	344.1197815	372.6568909
1055	12894.74609	12957.00977	333.7909851	396.054657
1056	12901.10938	12954.78027	334.4449463	388.1158447
1057	13018.69727	13036.01758	338.9032288	356.2235413
1058	12921.16797	12957.49121	349.0845032	385.4077454
1059	12869.96289	12943.9707	340.9555969	414.9634094
1060	12993.09375	13039.65723	342.3997192	388.9631958
1061	12827.2793	12885.35645	364.5582275	422.635376
1062	12866.87598	12871.92871	346.7484131	351.8011475
1063	12926.92773	12928.08008	325.0081177	326.1604614
1064	12806.35645	12816.03125	340.3061523	349.980957
1065	12694.87305	12738.39063	343.7028503	387.2204285
1066	12675.22852	12700.66504	346.9989929	372.4355164
1067	12797.76074	12808.37207	349.2556763	359.8670044
1068	13035.03223	13066.62695	339.4036255	370.9983521
1069	13123.46484	13117.85742	349.3704834	343.7630615
1070	12997.08105	13021.80469	351.5726929	376.2963257
1071	12924.3252	12945.99023	352.7297363	374.3947754
1072	13212.23828	13199.89648	354.4968262	342.1550293
1073	13297.76758	13312.20508	349.131012	363.568512
1074	13119.48828	13156.77051	348.4498901	385.7321167
1075	13044.37695	13063.06641	346.0361938	364.725647
1076	13177.43555	13179.55957	351.0059204	353.1299438
1077	13304.18066	13317.86133	350.2885742	363.9692383
1078	13091.53516	13108.62305	345.2670898	362.3549805
1079	13252.23926	13236.92188	339.7155151	324.3981323
1080	13382.51465	13344.74512	344.2974854	306.5279541
1081	13558.37207	13528.70801	336.9275208	307.2634583
1082	13494.99707	13446.94531	340.8065186	292.7547607
1083	13324.73438	13277.25293	332.190033	284.7085876
1084	13592.54297	13535.46582	343.3120117	286.2348633
1085	13611.64453	13657.76465	348.4224548	394.542572
1086	13312.99609	13355.30469	343.3085327	385.6171265
1087	13210.66113	13209.32031	343.1479187	341.8070984
1088	13147.05273	13215.42578	338.4722595	406.8453064
1089	13298.81348	13283.73145	349.9503479	334.8683167
1090	13096.92676	13088.83789	348.9942932	340.905426
1091	13038.3457	13091.36523	347.1505127	400.1700439
1092	13017.62891	13067.85352	341.0123596	391.236969
1093	13213.76758	13195.28418	337.0021973	318.5187988
1094	13212.82227	13266.61426	347.3852844	401.1772766
1095	13347.08008	13408.91504	352.1843567	414.0193176
1096	12976.27734	13094.93359	342.5979919	461.2542419
1097	13282.39844	13320.94434	359.1029358	397.6488342
1098	13192.90918	13209.61035	353.1901855	369.8913574
1099	13225.73438	13167.54102	350.4693298	292.2759705
1100	13056.83984	12999.91211	349.7686462	292.8409119
1101	13098.85547	13104.00293	351.8151855	356.9626465
1102	13224.34082	13213.00293	354.4742737	343.1363831
1103	13235.18066	13306.6123	359.5696106	431.0012512
1104	13344.80762	13368.76563	356.8236084	380.7816162
1105	13303.56543	13370.30176	350.2697449	417.006073
1106	13284.78809	13318.1123	353.1703186	386.4945374
1107	13299.625	13346.74902	354.8501892	401.9742126
1108	13236.09277	13272.04883	358.2541809	394.2102356
1109	13267.08887	13291.44043	358.296936	382.6484985
1110	13215.85254	13132.22852	360.3703613	276.7463379
1111	13272.03613	13278.82031	360.2110291	366.9952087
1112	13142.01953	13157.27734	354.8876343	370.1454468
1113	12835.35449	12887.61523	359.1140137	411.3747559
1114	13224.52832	13284.73242	358.4677734	418.671875
1115	13349.88281	13423.8457	353.8335876	427.7964783
1116	13396.60449	13402.0625	356.5808716	362.0388794
1117	13044.2002	13079.99902	356.6077576	392.4065857
1118	13189.74121	13215.18066	360.0353699	385.474823
1119	13455.97949	13400.9541	354.5084229	299.4830322
1120	13729.10352	13593.31934	343.1273193	207.3431396
1121	13569.74902	13408.60254	347.5195007	186.3730164
1122	13495.07715	13338.21387	342.6470032	185.7837219
1123	13673.0957	13515.77344	336.9793091	179.6570435
1124	13261.30664	13181.43066	343.3437195	263.4677429
1125	13151.03027	13054.27441	335.3459473	238.5900879
1126	13429.43457	13283.06738	354.1308899	207.7637024
1127	13445.0918	13379.90527	347.9346924	282.7481689
1128	13480.05957	13375.92969	354.8056946	250.6758118
1129	13306.99805	13178.14844	350.8269653	221.977356
1130	13581.68262	13409.05078	353.1394043	180.5075684
1131	13374.56348	13255.21973	352.1338501	232.7901001
1132	13117.90234	13088.05957	335.4715576	305.6287842
1133	13050.58301	13076.11914	341.6384277	367.1745605
1134	13108.45215	13126.38672	335.6957703	353.6303406
1135	13037.0166	13026.10254	341.1515808	330.2375183
1136	13160.13477	13189.37012	359.1255493	388.3609009
1137	13037.21973	13083.94531	348.1849976	394.9105835
1138	12815.43457	12847.67969	334.6168518	366.861969
1139	13254.25488	13305.0332	345.2738953	396.0522156
1140	13107.1416	13089.9707	337.1879578	320.0170593
1141	12928.56152	12901.92285	353.1698303	326.5311584
1142	12714.12305	12743.51465	335.2687988	364.6604004
1143	12987.20898	13044.20215	334.243103	391.2362671
1144	12874.66016	12916.66309	343.6737366	385.6766663
1145	13119.12695	13152.89941	339.5541992	373.3266602
1146	12848.75586	12875.47559	344.6566162	371.3763428
1147	13343.37988	13397.83887	334.2664795	388.7254639
1148	13060.60059	13106.00781	332.0739136	377.4811401
1149	12993.70313	13033.01172	339.7705688	379.0791626
1150	13078.39453	13119.25293	336.9984131	377.8568115
1151	13002.84961	13051.37793	346.2067871	394.7351074
1152	12973.00098	12989.63184	337.1841736	353.815033
1153	12974.05762	13026.30273	343.5422363	395.7873535
1154	12740.42383	12817.63281	342.9848022	420.1937866
1155	12936.60449	12993.93945	342.2371216	399.5720825
1156	12886.23828	12928.41699	340.537384	382.716095
1157	12590.68848	12644.9541	334.6218567	388.8874817
1158	12768.62988	12855.29199	346.6627197	433.3248291
1159	12814.00391	12910.03418	351.7342529	447.7645264
1160	13119.00391	13197.75977	358.2290649	436.9849243
1161	12862.00879	12950.0127	357.7121277	445.7160339
1162	12961.18555	13079.02246	338.9240417	456.7609558
1163	12740.67188	12834.87402	351.2519531	445.4541016
1164	13012.64551	13136.19629	341.5215454	465.0723267
1165	12958.53027	13076.03711	353.2703552	470.7771912
1166	13179.4834	13278.78418	355.0771484	454.3779297
1167	13203.82715	13280.25098	346.9665527	423.3903809
1168	13205.88574	13267.78906	355.3219299	417.2252502
1169	12944.48242	13038.62793	351.1207581	445.2662659
1170	12864.73535	13002.36914	352.2562866	489.8900757
1171	12896.28809	13013.49316	351.2325439	468.4376221
1172	13042.30566	13126.14551	351.3939209	435.2337646
1173	12910.13965	13034.57031	353.3425293	477.7731934
1174	13250.5498	13328.65527	353.432251	431.5377197
1175	13369.78125	13431.70117	355.1887512	417.1086731
1176	12967.50195	13035.0498	362.9499817	430.4978333
1177	13273.25586	13308.27539	351.612854	386.6323853
1178	13354.82813	13421.08398	354.154541	420.4104004
1179	13044.04785	13116.18164	344.5312195	416.6650085
1180	13018.80566	13080.16992	358.0123596	419.3766174
1181	12990.88184	13090.22168	341.2237549	440.5635986
1182	13122.43652	13148.62695	347.7132568	373.9036865
1183	13009.34277	13066.84277	359.5415039	417.0415039
1184	12994.77148	13051.60254	352.8300476	409.6611023
1185	13174.34668	13219.19336	354.7506714	399.5973511
1186	13167.12012	13219.0752	352.7847595	404.7398376
1187	13237.80176	13316.93555	344.9205017	424.0542908
1188	13273.0459	13320.76367	354.1995239	401.9172974
1189	13231.08984	13301.04395	356.4207764	426.3748779
1190	13170.27539	13216.8291	358.4032593	404.9569702
1191	13243.44629	13293.89551	346.0444641	396.4936829
1192	13135.06055	13181.13965	351.7814941	397.8605957
1193	13235.89453	13285.1709	359.0539246	408.3302917
1194	13148.64063	13164.78027	347.5436096	363.6832581
1195	13344.51855	13369.62891	355.843689	380.9540405
1196	12833.12402	12928.16797	353.0584106	448.102356
1197	13123.89063	13170.58105	350.4761353	397.1665649
1198	13328.7666	13393.72559	356.9457703	421.9047546
1199	12906.12988	13009.62305	352.4341736	455.9273376
1200	13066.53613	13069.24023	336.2971802	339.0012817
1201	13368.80469	13445.32813	356.2875977	432.8110352
1202	13205.19434	13215.20508	346.4667053	356.4774475
1203	13211.18262	13274.14355	356.8414612	419.8023987
1204	13459.80176	13462.6123	350.7150879	353.5256348
1205	13406.36816	13452.55078	353.3900146	399.5726318
1206	13417.78906	13466.84961	346.5777588	395.6383057
1207	13565.34473	13646.07715	355.4533997	436.1858215
1208	13513.45996	13637.93555	358.3451843	482.8207703
1209	13149.54395	13293.63965	351.0991821	495.1948853
1210	13074.65234	13210.90234	349.6864319	485.9364319
1211	12993.11914	13127.20605	349.1651306	483.2520447
1212	13328.71484	13406.22852	356.1350098	433.6486816
1213	13375.50195	13444.81836	344.2461853	413.5625916
1214	13065.26367	13132.84766	348.8505249	416.4345093
1215	13111.33008	13184.97754	356.5036926	430.1511536
1216	13332.38184	13410.06055	348.1271973	425.8059082
1217	13183.80859	13297.76465	336.3721008	450.3281555
1218	13396.44043	13520.47363	343.7279358	467.7611389
1219	13378.36523	13467.89355	352.3799133	441.9082336
1220	13676.75391	13744.92188	336.5895386	404.7575073
1221	13172.03906	13254.7998	331.686615	414.4473572
1222	13381.95898	13423.9248	350.497467	392.4632874
1223	13363.12109	13396.37793	342.4371338	375.6939697
1224	13601.19043	13639.37988	343.193634	381.3830872
1225	13249.09668	13260.61621	336.6907959	348.2103271
1226	13439.9082	13515.60742	350.6978149	426.3970337
1227	13406.66309	13447.25195	331.8432312	372.4320984
1228	13681.80664	13711.28516	350.1337891	379.6123047
1229	13474.9707	13500.42383	350.9099121	376.3630371
1230	13395.58301	13505.74512	350.8586426	461.020752
1231	13285.81055	13395.85449	343.383667	453.4276123
1232	13299.47559	13380.58301	348.9523315	430.0597534
1233	13176.53516	13288.12598	349.5027466	461.0935669
1234	13145.53809	13280.06152	341.4587402	475.9821777
1235	13136.30273	13307.70996	344.7662354	516.1734619
1236	13216.64551	13332.71387	359.4459839	475.5143433
1237	13283.29004	13406.51758	350.2333374	473.4608765
1238	13622.8457	13740.83105	349.365509	467.3508606
1239	13450.59668	13550.03516	335.580719	435.0191956
1240	13496.94336	13621.41504	346.8062134	471.2778931
1241	13462.31641	13538.44922	356.9831848	433.1159973
1242	13388.19141	13517.33789	349.5315857	478.6780701
1243	13408.08984	13500.68262	353.1456909	445.7384644
1244	13442.69043	13551.21875	343.566864	452.0951843
1245	13454.97363	13560.46875	350.3230591	455.8181763
1246	13322.7959	13438.47949	342.3190002	458.002594
1247	13424.14453	13524.34375	354.5270081	454.7262268
1248	13486.46582	13616.2168	345.7772522	475.5282288
1249	13391.46582	13504.41406	336.7978821	449.7461243
